0 -449.6 866.82 208.65 -438.4 867.82 657.85
1 358.6 -146 -241.35 359.6 -134.8 207.85
2 358.6 -157.2 -241.35 359.6 -146 207.85
3 358.6 -168.4 -241.35 359.6 -157.2 207.85
4 358.6 -179.6 -241.35 359.6 -168.4 207.85
5 358.6 -11.6 208.65 359.6 -0.4 657.85
6 358.6 -22.8 208.65 359.6 -11.6 657.85
7 358.6 -34 208.65 359.6 -22.8 657.85
8 -33.6 866.82 -241.35 -22.4 867.82 207.85
9 358.6 -45.2 208.65 359.6 -34 657.85
10 358.6 -56.4 208.65 359.6 -45.2 657.85
11 358.6 -67.6 208.65 359.6 -56.4 657.85
12 358.6 -78.8 208.65 359.6 -67.6 657.85
13 358.6 -90 208.65 359.6 -78.8 657.85
14 358.6 -101.2 208.65 359.6 -90 657.85
15 358.6 -112.4 208.65 359.6 -101.2 657.85
16 358.6 -123.6 208.65 359.6 -112.4 657.85
17 358.6 -134.8 208.65 359.6 -123.6 657.85
18 358.6 -146 208.65 359.6 -134.8 657.85
19 -22.4 866.82 -241.35 -11.2 867.82 207.85
20 358.6 -157.2 208.65 359.6 -146 657.85
21 358.6 -168.4 208.65 359.6 -157.2 657.85
22 358.6 -179.6 208.65 359.6 -168.4 657.85
23 358.6 168.4 -241.35 359.6 179.6 207.85
24 358.6 157.2 -241.35 359.6 168.4 207.85
25 358.6 146 -241.35 359.6 157.2 207.85
26 358.6 134.8 -241.35 359.6 146 207.85
27 -11.2 866.82 -241.35 0 867.82 207.85
28 358.6 123.6 -241.35 359.6 134.8 207.85
29 358.6 112.4 -241.35 359.6 123.6 207.85
30 358.6 101.2 -241.35 359.6 112.4 207.85
31 358.6 90 -241.35 359.6 101.2 207.85
32 358.6 78.8 -241.35 359.6 90 207.85
33 358.6 67.6 -241.35 359.6 78.8 207.85
34 358.6 56.4 -241.35 359.6 67.6 207.85
35 358.6 45.2 -241.35 359.6 56.4 207.85
36 358.6 34 -241.35 359.6 45.2 207.85
37 358.6 22.8 -241.35 359.6 34 207.85
38 0 866.82 -241.35 11.2 867.82 207.85
39 358.6 11.6 -241.35 359.6 22.8 207.85
40 358.6 0.4 -241.35 359.6 11.6 207.85
41 358.6 168.4 208.65 359.6 179.6 657.85
42 358.6 157.2 208.65 359.6 168.4 657.85
43 358.6 146 208.65 359.6 157.2 657.85
44 358.6 134.8 208.65 359.6 146 657.85
45 358.6 123.6 208.65 359.6 134.8 657.85
46 11.2 866.82 -241.35 22.4 867.82 207.85
47 358.6 112.4 208.65 359.6 123.6 657.85
48 358.6 101.2 208.65 359.6 112.4 657.85
49 358.6 90 208.65 359.6 101.2 657.85
50 358.6 78.8 208.65 359.6 90 657.85
51 358.6 67.6 208.65 359.6 78.8 657.85
52 358.6 56.4 208.65 359.6 67.6 657.85
53 358.6 45.2 208.65 359.6 56.4 657.85
54 358.6 34 208.65 359.6 45.2 657.85
55 358.6 22.8 208.65 359.6 34 657.85
56 358.6 11.6 208.65 359.6 22.8 657.85
57 22.4 866.82 -241.35 33.6 867.82 207.85
58 358.6 0.4 208.65 359.6 11.6 657.85
59 358.6 348.4 -241.35 359.6 359.6 207.85
60 358.6 337.2 -241.35 359.6 348.4 207.85
61 358.6 326 -241.35 359.6 337.2 207.85
62 358.6 314.8 -241.35 359.6 326 207.85
63 358.6 303.6 -241.35 359.6 314.8 207.85
64 358.6 292.4 -241.35 359.6 303.6 207.85
65 33.6 866.82 -241.35 44.8 867.82 207.85
66 358.6 281.2 -241.35 359.6 292.4 207.85
67 358.6 270 -241.35 359.6 281.2 207.85
68 358.6 258.8 -241.35 359.6 270 207.85
69 358.6 247.6 -241.35 359.6 258.8 207.85
70 358.6 236.4 -241.35 359.6 247.6 207.85
71 358.6 225.2 -241.35 359.6 236.4 207.85
72 358.6 214 -241.35 359.6 225.2 207.85
73 358.6 202.8 -241.35 359.6 214 207.85
74 358.6 191.6 -241.35 359.6 202.8 207.85
75 358.6 180.4 -241.35 359.6 191.6 207.85
76 44.8 866.82 -241.35 56 867.82 207.85
77 358.6 348.4 208.65 359.6 359.6 657.85
78 358.6 337.2 208.65 359.6 348.4 657.85
79 358.6 326 208.65 359.6 337.2 657.85
80 358.6 314.8 208.65 359.6 326 657.85
81 358.6 303.6 208.65 359.6 314.8 657.85
82 358.6 292.4 208.65 359.6 303.6 657.85
83 358.6 281.2 208.65 359.6 292.4 657.85
84 56 866.82 -241.35 67.2 867.82 207.85
85 358.6 270 208.65 359.6 281.2 657.85
86 358.6 258.8 208.65 359.6 270 657.85
87 358.6 247.6 208.65 359.6 258.8 657.85
88 358.6 236.4 208.65 359.6 247.6 657.85
89 358.6 225.2 208.65 359.6 236.4 657.85
90 358.6 214 208.65 359.6 225.2 657.85
91 358.6 202.8 208.65 359.6 214 657.85
92 358.6 191.6 208.65 359.6 202.8 657.85
93 358.6 180.4 208.65 359.6 191.6 657.85
94 67.2 866.82 -241.35 78.4 867.82 207.85
95 -337.6 866.82 208.65 -326.4 867.82 657.85
96 -359.6 -359.6 -241.35 -358.6 -0.4 -230.15
97 -359.6 -359.6 -230.15 -358.6 -0.4 -218.95
98 -359.6 -359.6 -218.95 -358.6 -0.4 -207.75
99 -359.6 -359.6 -207.75 -358.6 -0.4 -196.55
100 -359.6 -359.6 -196.55 -358.6 -0.4 -185.35
101 -359.6 -359.6 -185.35 -358.6 -0.4 -174.15
102 -359.6 -359.6 -174.15 -358.6 -0.4 -162.95
103 -359.6 -359.6 -162.95 -358.6 -0.4 -151.75
104 78.4 866.82 -241.35 89.6 867.82 207.85
105 -359.6 -359.6 -151.75 -358.6 -0.4 -140.55
106 -359.6 -359.6 -140.55 -358.6 -0.4 -129.35
107 -359.6 -359.6 -129.35 -358.6 -0.4 -118.15
108 -359.6 -359.6 -118.15 -358.6 -0.4 -106.95
109 -359.6 -359.6 -106.95 -358.6 -0.4 -95.75
110 -359.6 -359.6 -95.75 -358.6 -0.4 -84.55
111 -359.6 -359.6 -84.55 -358.6 -0.4 -73.35
112 -359.6 -359.6 -73.35 -358.6 -0.4 -62.15
113 -359.6 0.4 -241.35 -358.6 359.6 -230.15
114 -359.6 0.4 -230.15 -358.6 359.6 -218.95
115 -359.6 0.4 -218.95 -358.6 359.6 -207.75
116 -359.6 0.4 -207.75 -358.6 359.6 -196.55
117 -359.6 0.4 -196.55 -358.6 359.6 -185.35
118 -359.6 0.4 -185.35 -358.6 359.6 -174.15
119 -359.6 0.4 -174.15 -358.6 359.6 -162.95
120 -359.6 0.4 -162.95 -358.6 359.6 -151.75
121 -359.6 0.4 -151.75 -358.6 359.6 -140.55
122 -359.6 0.4 -140.55 -358.6 359.6 -129.35
123 -359.6 0.4 -129.35 -358.6 359.6 -118.15
124 -359.6 0.4 -118.15 -358.6 359.6 -106.95
125 -359.6 0.4 -106.95 -358.6 359.6 -95.75
126 -359.6 0.4 -95.75 -358.6 359.6 -84.55
127 -359.6 0.4 -84.55 -358.6 359.6 -73.35
128 -359.6 0.4 -73.35 -358.6 359.6 -62.15
129 -359.6 -359.6 -61.35 -358.6 -0.4 -50.15
130 -359.6 -359.6 -50.15 -358.6 -0.4 -38.95
131 -359.6 -359.6 -38.95 -358.6 -0.4 -27.75
132 -359.6 -359.6 -27.75 -358.6 -0.4 -16.55
133 -359.6 -359.6 -16.55 -358.6 -0.4 -5.35
134 -359.6 -359.6 -5.35 -358.6 -0.4 5.85
135 -359.6 -359.6 5.85 -358.6 -0.4 17.05
136 -359.6 -359.6 17.05 -358.6 -0.4 28.25
137 -359.6 -359.6 28.25 -358.6 -0.4 39.45
138 -359.6 -359.6 39.45 -358.6 -0.4 50.65
139 90.4 866.82 208.65 101.6 867.82 657.85
140 -359.6 -359.6 50.65 -358.6 -0.4 61.85
141 -359.6 -359.6 61.85 -358.6 -0.4 73.05
142 -359.6 -359.6 73.05 -358.6 -0.4 84.25
143 -359.6 -359.6 84.25 -358.6 -0.4 95.45
144 -359.6 -359.6 95.45 -358.6 -0.4 106.65
145 -359.6 -359.6 106.65 -358.6 -0.4 117.85
146 -359.6 0.4 -61.35 -358.6 359.6 -50.15
147 101.6 866.82 208.65 112.8 867.82 657.85
148 -359.6 0.4 -50.15 -358.6 359.6 -38.95
149 -359.6 0.4 -38.95 -358.6 359.6 -27.75
150 -359.6 0.4 -27.75 -358.6 359.6 -16.55
151 -359.6 0.4 -16.55 -358.6 359.6 -5.35
152 -359.6 0.4 -5.35 -358.6 359.6 5.85
153 -359.6 0.4 5.85 -358.6 359.6 17.05
154 -359.6 0.4 17.05 -358.6 359.6 28.25
155 -359.6 0.4 28.25 -358.6 359.6 39.45
156 -359.6 0.4 39.45 -358.6 359.6 50.65
157 -359.6 0.4 50.65 -358.6 359.6 61.85
158 112.8 866.82 208.65 124 867.82 657.85
159 -359.6 0.4 61.85 -358.6 359.6 73.05
160 -359.6 0.4 73.05 -358.6 359.6 84.25
161 -359.6 0.4 84.25 -358.6 359.6 95.45
162 -359.6 0.4 95.45 -358.6 359.6 106.65
163 -359.6 0.4 106.65 -358.6 359.6 117.85
164 -359.6 -359.6 118.65 -358.6 -0.4 129.85
165 -359.6 -359.6 129.85 -358.6 -0.4 141.05
166 124 866.82 208.65 135.2 867.82 657.85
167 -359.6 -359.6 141.05 -358.6 -0.4 152.25
168 -359.6 -359.6 152.25 -358.6 -0.4 163.45
169 -359.6 -359.6 163.45 -358.6 -0.4 174.65
170 -359.6 -359.6 174.65 -358.6 -0.4 185.85
171 -359.6 -359.6 185.85 -358.6 -0.4 197.05
172 -359.6 -359.6 197.05 -358.6 -0.4 208.25
173 -359.6 -359.6 208.25 -358.6 -0.4 219.45
174 -359.6 -359.6 219.45 -358.6 -0.4 230.65
175 -359.6 -359.6 230.65 -358.6 -0.4 241.85
176 -359.6 -359.6 241.85 -358.6 -0.4 253.05
177 135.2 866.82 208.65 146.4 867.82 657.85
178 -359.6 -359.6 253.05 -358.6 -0.4 264.25
179 -359.6 -359.6 264.25 -358.6 -0.4 275.45
180 -359.6 -359.6 275.45 -358.6 -0.4 286.65
181 -359.6 -359.6 286.65 -358.6 -0.4 297.85
182 -359.6 0.4 118.65 -358.6 359.6 129.85
183 -359.6 0.4 129.85 -358.6 359.6 141.05
184 -359.6 0.4 141.05 -358.6 359.6 152.25
185 146.4 866.82 208.65 157.6 867.82 657.85
186 -326.4 866.82 208.65 -315.2 867.82 657.85
187 -359.6 0.4 152.25 -358.6 359.6 163.45
188 -359.6 0.4 163.45 -358.6 359.6 174.65
189 -359.6 0.4 174.65 -358.6 359.6 185.85
190 -359.6 0.4 185.85 -358.6 359.6 197.05
191 -359.6 0.4 197.05 -358.6 359.6 208.25
192 -359.6 0.4 208.25 -358.6 359.6 219.45
193 -359.6 0.4 219.45 -358.6 359.6 230.65
194 -359.6 0.4 230.65 -358.6 359.6 241.85
195 -359.6 0.4 241.85 -358.6 359.6 253.05
196 -359.6 0.4 253.05 -358.6 359.6 264.25
197 157.6 866.82 208.65 168.8 867.82 657.85
198 -359.6 0.4 264.25 -358.6 359.6 275.45
199 -359.6 0.4 275.45 -358.6 359.6 286.65
200 -359.6 0.4 286.65 -358.6 359.6 297.85
201 -359.6 -359.6 298.65 -358.6 -0.4 309.85
202 -359.6 -359.6 309.85 -358.6 -0.4 321.05
203 -359.6 -359.6 321.05 -358.6 -0.4 332.25
204 -359.6 -359.6 332.25 -358.6 -0.4 343.45
205 168.8 866.82 208.65 180 867.82 657.85
206 -359.6 -359.6 343.45 -358.6 -0.4 354.65
207 -359.6 -359.6 354.65 -358.6 -0.4 365.85
208 -359.6 -359.6 365.85 -358.6 -0.4 377.05
209 -359.6 -359.6 377.05 -358.6 -0.4 388.25
210 -359.6 -359.6 388.25 -358.6 -0.4 399.45
211 -359.6 -359.6 399.45 -358.6 -0.4 410.65
212 -359.6 -359.6 410.65 -358.6 -0.4 421.85
213 -359.6 -359.6 421.85 -358.6 -0.4 433.05
214 -359.6 -359.6 433.05 -358.6 -0.4 444.25
215 -359.6 -359.6 444.25 -358.6 -0.4 455.45
216 180 866.82 208.65 191.2 867.82 657.85
217 -359.6 -359.6 455.45 -358.6 -0.4 466.65
218 -359.6 -359.6 466.65 -358.6 -0.4 477.85
219 -359.6 0.4 298.65 -358.6 359.6 309.85
220 -359.6 0.4 309.85 -358.6 359.6 321.05
221 -359.6 0.4 321.05 -358.6 359.6 332.25
222 -359.6 0.4 332.25 -358.6 359.6 343.45
223 -359.6 0.4 343.45 -358.6 359.6 354.65
224 191.2 866.82 208.65 202.4 867.82 657.85
225 -359.6 0.4 354.65 -358.6 359.6 365.85
226 -359.6 0.4 365.85 -358.6 359.6 377.05
227 -359.6 0.4 377.05 -358.6 359.6 388.25
228 -359.6 0.4 388.25 -358.6 359.6 399.45
229 -359.6 0.4 399.45 -358.6 359.6 410.65
230 -359.6 0.4 410.65 -358.6 359.6 421.85
231 -359.6 0.4 421.85 -358.6 359.6 433.05
232 -359.6 0.4 433.05 -358.6 359.6 444.25
233 -359.6 0.4 444.25 -358.6 359.6 455.45
234 -359.6 0.4 455.45 -358.6 359.6 466.65
235 202.4 866.82 208.65 213.6 867.82 657.85
236 -359.6 0.4 466.65 -358.6 359.6 477.85
237 -359.6 -359.6 478.65 -358.6 -0.4 489.85
238 -359.6 -359.6 489.85 -358.6 -0.4 501.05
239 -359.6 -359.6 501.05 -358.6 -0.4 512.25
240 -359.6 -359.6 512.25 -358.6 -0.4 523.45
241 -359.6 -359.6 523.45 -358.6 -0.4 534.65
242 -359.6 -359.6 534.65 -358.6 -0.4 545.85
243 213.6 866.82 208.65 224.8 867.82 657.85
244 -359.6 -359.6 545.85 -358.6 -0.4 557.05
245 -359.6 -359.6 557.05 -358.6 -0.4 568.25
246 -359.6 -359.6 568.25 -358.6 -0.4 579.45
247 -359.6 -359.6 579.45 -358.6 -0.4 590.65
248 -359.6 -359.6 590.65 -358.6 -0.4 601.85
249 -359.6 -359.6 601.85 -358.6 -0.4 613.05
250 -359.6 -359.6 613.05 -358.6 -0.4 624.25
251 -359.6 -359.6 624.25 -358.6 -0.4 635.45
252 -359.6 -359.6 635.45 -358.6 -0.4 646.65
253 -359.6 -359.6 646.65 -358.6 -0.4 657.85
254 224.8 866.82 208.65 236 867.82 657.85
255 -359.6 0.4 478.65 -358.6 359.6 489.85
256 -359.6 0.4 489.85 -358.6 359.6 501.05
257 -359.6 0.4 501.05 -358.6 359.6 512.25
258 -359.6 0.4 512.25 -358.6 359.6 523.45
259 -359.6 0.4 523.45 -358.6 359.6 534.65
260 -359.6 0.4 534.65 -358.6 359.6 545.85
261 -359.6 0.4 545.85 -358.6 359.6 557.05
262 236 866.82 208.65 247.2 867.82 657.85
263 -359.6 0.4 557.05 -358.6 359.6 568.25
264 -359.6 0.4 568.25 -358.6 359.6 579.45
265 -359.6 0.4 579.45 -358.6 359.6 590.65
266 -359.6 0.4 590.65 -358.6 359.6 601.85
267 -359.6 0.4 601.85 -358.6 359.6 613.05
268 -359.6 0.4 613.05 -358.6 359.6 624.25
269 -359.6 0.4 624.25 -358.6 359.6 635.45
270 -359.6 0.4 635.45 -358.6 359.6 646.65
271 -359.6 0.4 646.65 -358.6 359.6 657.85
272 247.2 866.82 208.65 258.4 867.82 657.85
273 -357.8 -191.6 -241.35 -356.8 -180.4 207.85
274 -357.8 -202.8 -241.35 -356.8 -191.6 207.85
275 -357.8 -214 -241.35 -356.8 -202.8 207.85
276 -357.8 -225.2 -241.35 -356.8 -214 207.85
277 -357.8 -236.4 -241.35 -356.8 -225.2 207.85
278 -357.8 -247.6 -241.35 -356.8 -236.4 207.85
279 -357.8 -258.8 -241.35 -356.8 -247.6 207.85
280 -357.8 -270 -241.35 -356.8 -258.8 207.85
281 258.4 866.82 208.65 269.6 867.82 657.85
282 -315.2 866.82 208.65 -304 867.82 657.85
283 -357.8 -281.2 -241.35 -356.8 -270 207.85
284 -357.8 -292.4 -241.35 -356.8 -281.2 207.85
285 -357.8 -303.6 -241.35 -356.8 -292.4 207.85
286 -357.8 -314.8 -241.35 -356.8 -303.6 207.85
287 -357.8 -326 -241.35 -356.8 -314.8 207.85
288 -357.8 -337.2 -241.35 -356.8 -326 207.85
289 -357.8 -348.4 -241.35 -356.8 -337.2 207.85
290 -357.8 -359.6 -241.35 -356.8 -348.4 207.85
291 -357.8 -191.6 208.65 -356.8 -180.4 657.85
292 -357.8 -202.8 208.65 -356.8 -191.6 657.85
293 -357.8 -214 208.65 -356.8 -202.8 657.85
294 -357.8 -225.2 208.65 -356.8 -214 657.85
295 -357.8 -236.4 208.65 -356.8 -225.2 657.85
296 -357.8 -247.6 208.65 -356.8 -236.4 657.85
297 -357.8 -258.8 208.65 -356.8 -247.6 657.85
298 -357.8 -270 208.65 -356.8 -258.8 657.85
299 -357.8 -281.2 208.65 -356.8 -270 657.85
300 -357.8 -292.4 208.65 -356.8 -281.2 657.85
301 -357.8 -303.6 208.65 -356.8 -292.4 657.85
302 -357.8 -314.8 208.65 -356.8 -303.6 657.85
303 -357.8 -326 208.65 -356.8 -314.8 657.85
304 -357.8 -337.2 208.65 -356.8 -326 657.85
305 -357.8 -348.4 208.65 -356.8 -337.2 657.85
306 -357.8 -359.6 208.65 -356.8 -348.4 657.85
307 -357.8 -11.6 -241.35 -356.8 -0.4 207.85
308 -357.8 -22.8 -241.35 -356.8 -11.6 207.85
309 -357.8 -34 -241.35 -356.8 -22.8 207.85
310 -357.8 -45.2 -241.35 -356.8 -34 207.85
311 -357.8 -56.4 -241.35 -356.8 -45.2 207.85
312 -357.8 -67.6 -241.35 -356.8 -56.4 207.85
313 -357.8 -78.8 -241.35 -356.8 -67.6 207.85
314 -357.8 -90 -241.35 -356.8 -78.8 207.85
315 -357.8 -101.2 -241.35 -356.8 -90 207.85
316 -357.8 -112.4 -241.35 -356.8 -101.2 207.85
317 90.4 866.82 -241.35 101.6 867.82 207.85
318 -357.8 -123.6 -241.35 -356.8 -112.4 207.85
319 -357.8 -134.8 -241.35 -356.8 -123.6 207.85
320 -357.8 -146 -241.35 -356.8 -134.8 207.85
321 -357.8 -157.2 -241.35 -356.8 -146 207.85
322 -357.8 -168.4 -241.35 -356.8 -157.2 207.85
323 -357.8 -179.6 -241.35 -356.8 -168.4 207.85
324 -357.8 -11.6 208.65 -356.8 -0.4 657.85
325 101.6 866.82 -241.35 112.8 867.82 207.85
326 -357.8 -22.8 208.65 -356.8 -11.6 657.85
327 -357.8 -34 208.65 -356.8 -22.8 657.85
328 -357.8 -45.2 208.65 -356.8 -34 657.85
329 -357.8 -56.4 208.65 -356.8 -45.2 657.85
330 -357.8 -67.6 208.65 -356.8 -56.4 657.85
331 -357.8 -78.8 208.65 -356.8 -67.6 657.85
332 -357.8 -90 208.65 -356.8 -78.8 657.85
333 -357.8 -101.2 208.65 -356.8 -90 657.85
334 -357.8 -112.4 208.65 -356.8 -101.2 657.85
335 -357.8 -123.6 208.65 -356.8 -112.4 657.85
336 112.8 866.82 -241.35 124 867.82 207.85
337 -357.8 -134.8 208.65 -356.8 -123.6 657.85
338 -357.8 -146 208.65 -356.8 -134.8 657.85
339 -357.8 -157.2 208.65 -356.8 -146 657.85
340 -357.8 -168.4 208.65 -356.8 -157.2 657.85
341 -357.8 -179.6 208.65 -356.8 -168.4 657.85
342 -357.8 168.4 -241.35 -356.8 179.6 207.85
343 -357.8 157.2 -241.35 -356.8 168.4 207.85
344 124 866.82 -241.35 135.2 867.82 207.85
345 -357.8 146 -241.35 -356.8 157.2 207.85
346 -357.8 134.8 -241.35 -356.8 146 207.85
347 -357.8 123.6 -241.35 -356.8 134.8 207.85
348 -357.8 112.4 -241.35 -356.8 123.6 207.85
349 -357.8 101.2 -241.35 -356.8 112.4 207.85
350 -357.8 90 -241.35 -356.8 101.2 207.85
351 -357.8 78.8 -241.35 -356.8 90 207.85
352 -357.8 67.6 -241.35 -356.8 78.8 207.85
353 -357.8 56.4 -241.35 -356.8 67.6 207.85
354 -357.8 45.2 -241.35 -356.8 56.4 207.85
355 135.2 866.82 -241.35 146.4 867.82 207.85
356 -357.8 34 -241.35 -356.8 45.2 207.85
357 -357.8 22.8 -241.35 -356.8 34 207.85
358 -357.8 11.6 -241.35 -356.8 22.8 207.85
359 -357.8 0.4 -241.35 -356.8 11.6 207.85
360 -357.8 168.4 208.65 -356.8 179.6 657.85
361 -357.8 157.2 208.65 -356.8 168.4 657.85
362 -357.8 146 208.65 -356.8 157.2 657.85
363 146.4 866.82 -241.35 157.6 867.82 207.85
364 -357.8 134.8 208.65 -356.8 146 657.85
365 -357.8 123.6 208.65 -356.8 134.8 657.85
366 -357.8 112.4 208.65 -356.8 123.6 657.85
367 -357.8 101.2 208.65 -356.8 112.4 657.85
368 -357.8 90 208.65 -356.8 101.2 657.85
369 -357.8 78.8 208.65 -356.8 90 657.85
370 -357.8 67.6 208.65 -356.8 78.8 657.85
371 -357.8 56.4 208.65 -356.8 67.6 657.85
372 -357.8 45.2 208.65 -356.8 56.4 657.85
373 -357.8 34 208.65 -356.8 45.2 657.85
374 157.6 866.82 -241.35 168.8 867.82 207.85
375 -304 866.82 208.65 -292.8 867.82 657.85
376 -357.8 22.8 208.65 -356.8 34 657.85
377 -357.8 11.6 208.65 -356.8 22.8 657.85
378 -357.8 0.4 208.65 -356.8 11.6 657.85
379 -357.8 348.4 -241.35 -356.8 359.6 207.85
380 -357.8 337.2 -241.35 -356.8 348.4 207.85
381 -357.8 326 -241.35 -356.8 337.2 207.85
382 -357.8 314.8 -241.35 -356.8 326 207.85
383 168.8 866.82 -241.35 180 867.82 207.85
384 -357.8 303.6 -241.35 -356.8 314.8 207.85
385 -357.8 292.4 -241.35 -356.8 303.6 207.85
386 -357.8 281.2 -241.35 -356.8 292.4 207.85
387 -357.8 270 -241.35 -356.8 281.2 207.85
388 -357.8 258.8 -241.35 -356.8 270 207.85
389 -357.8 247.6 -241.35 -356.8 258.8 207.85
390 -357.8 236.4 -241.35 -356.8 247.6 207.85
391 -357.8 225.2 -241.35 -356.8 236.4 207.85
392 -357.8 214 -241.35 -356.8 225.2 207.85
393 -357.8 202.8 -241.35 -356.8 214 207.85
394 180 866.82 -241.35 191.2 867.82 207.85
395 -357.8 191.6 -241.35 -356.8 202.8 207.85
396 -357.8 180.4 -241.35 -356.8 191.6 207.85
397 -357.8 348.4 208.65 -356.8 359.6 657.85
398 -357.8 337.2 208.65 -356.8 348.4 657.85
399 -357.8 326 208.65 -356.8 337.2 657.85
400 -357.8 314.8 208.65 -356.8 326 657.85
401 -357.8 303.6 208.65 -356.8 314.8 657.85
402 191.2 866.82 -241.35 202.4 867.82 207.85
403 -357.8 292.4 208.65 -356.8 303.6 657.85
404 -357.8 281.2 208.65 -356.8 292.4 657.85
405 -357.8 270 208.65 -356.8 281.2 657.85
406 -357.8 258.8 208.65 -356.8 270 657.85
407 -357.8 247.6 208.65 -356.8 258.8 657.85
408 -357.8 236.4 208.65 -356.8 247.6 657.85
409 -357.8 225.2 208.65 -356.8 236.4 657.85
410 -357.8 214 208.65 -356.8 225.2 657.85
411 -357.8 202.8 208.65 -356.8 214 657.85
412 -357.8 191.6 208.65 -356.8 202.8 657.85
413 202.4 866.82 -241.35 213.6 867.82 207.85
414 -357.8 180.4 208.65 -356.8 191.6 657.85
415 -359.6 -359.6 -239.35 -348.4 -0.4 -238.35
416 -348.4 -359.6 -239.35 -337.2 -0.4 -238.35
417 -337.2 -359.6 -239.35 -326 -0.4 -238.35
418 -326 -359.6 -239.35 -314.8 -0.4 -238.35
419 -314.8 -359.6 -239.35 -303.6 -0.4 -238.35
420 -303.6 -359.6 -239.35 -292.4 -0.4 -238.35
421 213.6 866.82 -241.35 224.8 867.82 207.85
422 -292.4 -359.6 -239.35 -281.2 -0.4 -238.35
423 -281.2 -359.6 -239.35 -270 -0.4 -238.35
424 -270 -359.6 -239.35 -258.8 -0.4 -238.35
425 -258.8 -359.6 -239.35 -247.6 -0.4 -238.35
426 -247.6 -359.6 -239.35 -236.4 -0.4 -238.35
427 -236.4 -359.6 -239.35 -225.2 -0.4 -238.35
428 -225.2 -359.6 -239.35 -214 -0.4 -238.35
429 -214 -359.6 -239.35 -202.8 -0.4 -238.35
430 -202.8 -359.6 -239.35 -191.6 -0.4 -238.35
431 -191.6 -359.6 -239.35 -180.4 -0.4 -238.35
432 224.8 866.82 -241.35 236 867.82 207.85
433 -359.6 0.4 -239.35 -348.4 359.6 -238.35
434 -348.4 0.4 -239.35 -337.2 359.6 -238.35
435 -337.2 0.4 -239.35 -326 359.6 -238.35
436 -326 0.4 -239.35 -314.8 359.6 -238.35
437 -314.8 0.4 -239.35 -303.6 359.6 -238.35
438 -303.6 0.4 -239.35 -292.4 359.6 -238.35
439 -292.4 0.4 -239.35 -281.2 359.6 -238.35
440 236 866.82 -241.35 247.2 867.82 207.85
441 -281.2 0.4 -239.35 -270 359.6 -238.35
442 -270 0.4 -239.35 -258.8 359.6 -238.35
443 -258.8 0.4 -239.35 -247.6 359.6 -238.35
444 -247.6 0.4 -239.35 -236.4 359.6 -238.35
445 -236.4 0.4 -239.35 -225.2 359.6 -238.35
446 -225.2 0.4 -239.35 -214 359.6 -238.35
447 -214 0.4 -239.35 -202.8 359.6 -238.35
448 -202.8 0.4 -239.35 -191.6 359.6 -238.35
449 -191.6 0.4 -239.35 -180.4 359.6 -238.35
450 247.2 866.82 -241.35 258.4 867.82 207.85
451 -179.6 -359.6 -239.35 -168.4 -0.4 -238.35
452 -168.4 -359.6 -239.35 -157.2 -0.4 -238.35
453 -157.2 -359.6 -239.35 -146 -0.4 -238.35
454 -146 -359.6 -239.35 -134.8 -0.4 -238.35
455 -134.8 -359.6 -239.35 -123.6 -0.4 -238.35
456 -123.6 -359.6 -239.35 -112.4 -0.4 -238.35
457 -112.4 -359.6 -239.35 -101.2 -0.4 -238.35
458 -101.2 -359.6 -239.35 -90 -0.4 -238.35
459 258.4 866.82 -241.35 269.6 867.82 207.85
460 -90 -359.6 -239.35 -78.8 -0.4 -238.35
461 -78.8 -359.6 -239.35 -67.6 -0.4 -238.35
462 -67.6 -359.6 -239.35 -56.4 -0.4 -238.35
463 -56.4 -359.6 -239.35 -45.2 -0.4 -238.35
464 -45.2 -359.6 -239.35 -34 -0.4 -238.35
465 -34 -359.6 -239.35 -22.8 -0.4 -238.35
466 -22.8 -359.6 -239.35 -11.6 -0.4 -238.35
467 -11.6 -359.6 -239.35 -0.4 -0.4 -238.35
468 -292.8 866.82 208.65 -281.6 867.82 657.85
469 -179.6 0.4 -239.35 -168.4 359.6 -238.35
470 -168.4 0.4 -239.35 -157.2 359.6 -238.35
471 -157.2 0.4 -239.35 -146 359.6 -238.35
472 -146 0.4 -239.35 -134.8 359.6 -238.35
473 -134.8 0.4 -239.35 -123.6 359.6 -238.35
474 -123.6 0.4 -239.35 -112.4 359.6 -238.35
475 -112.4 0.4 -239.35 -101.2 359.6 -238.35
476 -101.2 0.4 -239.35 -90 359.6 -238.35
477 -90 0.4 -239.35 -78.8 359.6 -238.35
478 -78.8 0.4 -239.35 -67.6 359.6 -238.35
479 -67.6 0.4 -239.35 -56.4 359.6 -238.35
480 -56.4 0.4 -239.35 -45.2 359.6 -238.35
481 -45.2 0.4 -239.35 -34 359.6 -238.35
482 -34 0.4 -239.35 -22.8 359.6 -238.35
483 -22.8 0.4 -239.35 -11.6 359.6 -238.35
484 -11.6 0.4 -239.35 -0.4 359.6 -238.35
485 0.4 -359.6 -239.35 11.6 -0.4 -238.35
486 11.6 -359.6 -239.35 22.8 -0.4 -238.35
487 22.8 -359.6 -239.35 34 -0.4 -238.35
488 34 -359.6 -239.35 45.2 -0.4 -238.35
489 45.2 -359.6 -239.35 56.4 -0.4 -238.35
490 56.4 -359.6 -239.35 67.6 -0.4 -238.35
491 67.6 -359.6 -239.35 78.8 -0.4 -238.35
492 78.8 -359.6 -239.35 90 -0.4 -238.35
493 90 -359.6 -239.35 101.2 -0.4 -238.35
494 101.2 -359.6 -239.35 112.4 -0.4 -238.35
495 270.4 866.82 208.65 281.6 867.82 657.85
496 112.4 -359.6 -239.35 123.6 -0.4 -238.35
497 123.6 -359.6 -239.35 134.8 -0.4 -238.35
498 134.8 -359.6 -239.35 146 -0.4 -238.35
499 146 -359.6 -239.35 157.2 -0.4 -238.35
500 157.2 -359.6 -239.35 168.4 -0.4 -238.35
501 168.4 -359.6 -239.35 179.6 -0.4 -238.35
502 0.4 0.4 -239.35 11.6 359.6 -238.35
503 281.6 866.82 208.65 292.8 867.82 657.85
504 11.6 0.4 -239.35 22.8 359.6 -238.35
505 22.8 0.4 -239.35 34 359.6 -238.35
506 34 0.4 -239.35 45.2 359.6 -238.35
507 45.2 0.4 -239.35 56.4 359.6 -238.35
508 56.4 0.4 -239.35 67.6 359.6 -238.35
509 67.6 0.4 -239.35 78.8 359.6 -238.35
510 78.8 0.4 -239.35 90 359.6 -238.35
511 90 0.4 -239.35 101.2 359.6 -238.35
512 101.2 0.4 -239.35 112.4 359.6 -238.35
513 112.4 0.4 -239.35 123.6 359.6 -238.35
514 292.8 866.82 208.65 304 867.82 657.85
515 123.6 0.4 -239.35 134.8 359.6 -238.35
516 134.8 0.4 -239.35 146 359.6 -238.35
517 146 0.4 -239.35 157.2 359.6 -238.35
518 157.2 0.4 -239.35 168.4 359.6 -238.35
519 168.4 0.4 -239.35 179.6 359.6 -238.35
520 180.4 -359.6 -239.35 191.6 -0.4 -238.35
521 191.6 -359.6 -239.35 202.8 -0.4 -238.35
522 304 866.82 208.65 315.2 867.82 657.85
523 202.8 -359.6 -239.35 214 -0.4 -238.35
524 214 -359.6 -239.35 225.2 -0.4 -238.35
525 225.2 -359.6 -239.35 236.4 -0.4 -238.35
526 236.4 -359.6 -239.35 247.6 -0.4 -238.35
527 247.6 -359.6 -239.35 258.8 -0.4 -238.35
528 258.8 -359.6 -239.35 270 -0.4 -238.35
529 270 -359.6 -239.35 281.2 -0.4 -238.35
530 281.2 -359.6 -239.35 292.4 -0.4 -238.35
531 292.4 -359.6 -239.35 303.6 -0.4 -238.35
532 303.6 -359.6 -239.35 314.8 -0.4 -238.35
533 315.2 866.82 208.65 326.4 867.82 657.85
534 314.8 -359.6 -239.35 326 -0.4 -238.35
535 326 -359.6 -239.35 337.2 -0.4 -238.35
536 337.2 -359.6 -239.35 348.4 -0.4 -238.35
537 348.4 -359.6 -239.35 359.6 -0.4 -238.35
538 180.4 0.4 -239.35 191.6 359.6 -238.35
539 191.6 0.4 -239.35 202.8 359.6 -238.35
540 202.8 0.4 -239.35 214 359.6 -238.35
541 326.4 866.82 208.65 337.6 867.82 657.85
542 214 0.4 -239.35 225.2 359.6 -238.35
543 225.2 0.4 -239.35 236.4 359.6 -238.35
544 236.4 0.4 -239.35 247.6 359.6 -238.35
545 247.6 0.4 -239.35 258.8 359.6 -238.35
546 258.8 0.4 -239.35 270 359.6 -238.35
547 270 0.4 -239.35 281.2 359.6 -238.35
548 281.2 0.4 -239.35 292.4 359.6 -238.35
549 292.4 0.4 -239.35 303.6 359.6 -238.35
550 303.6 0.4 -239.35 314.8 359.6 -238.35
551 314.8 0.4 -239.35 326 359.6 -238.35
552 337.6 866.82 208.65 348.8 867.82 657.85
553 326 0.4 -239.35 337.2 359.6 -238.35
554 337.2 0.4 -239.35 348.4 359.6 -238.35
555 348.4 0.4 -239.35 359.6 359.6 -238.35
556 -359.6 -191.6 -241.15 -0.4 -180.4 -240.15
557 -359.6 -202.8 -241.15 -0.4 -191.6 -240.15
558 -359.6 -214 -241.15 -0.4 -202.8 -240.15
559 -359.6 -225.2 -241.15 -0.4 -214 -240.15
560 348.8 866.82 208.65 360 867.82 657.85
561 -281.6 866.82 208.65 -270.4 867.82 657.85
562 -359.6 -236.4 -241.15 -0.4 -225.2 -240.15
563 -359.6 -247.6 -241.15 -0.4 -236.4 -240.15
564 -359.6 -258.8 -241.15 -0.4 -247.6 -240.15
565 -359.6 -270 -241.15 -0.4 -258.8 -240.15
566 -359.6 -281.2 -241.15 -0.4 -270 -240.15
567 -359.6 -292.4 -241.15 -0.4 -281.2 -240.15
568 -359.6 -303.6 -241.15 -0.4 -292.4 -240.15
569 -359.6 -314.8 -241.15 -0.4 -303.6 -240.15
570 -359.6 -326 -241.15 -0.4 -314.8 -240.15
571 -359.6 -337.2 -241.15 -0.4 -326 -240.15
572 360 866.82 208.65 371.2 867.82 657.85
573 -359.6 -348.4 -241.15 -0.4 -337.2 -240.15
574 -359.6 -359.6 -241.15 -0.4 -348.4 -240.15
575 0.4 -191.6 -241.15 359.6 -180.4 -240.15
576 0.4 -202.8 -241.15 359.6 -191.6 -240.15
577 0.4 -214 -241.15 359.6 -202.8 -240.15
578 0.4 -225.2 -241.15 359.6 -214 -240.15
579 0.4 -236.4 -241.15 359.6 -225.2 -240.15
580 371.2 866.82 208.65 382.4 867.82 657.85
581 0.4 -247.6 -241.15 359.6 -236.4 -240.15
582 0.4 -258.8 -241.15 359.6 -247.6 -240.15
583 0.4 -270 -241.15 359.6 -258.8 -240.15
584 0.4 -281.2 -241.15 359.6 -270 -240.15
585 0.4 -292.4 -241.15 359.6 -281.2 -240.15
586 0.4 -303.6 -241.15 359.6 -292.4 -240.15
587 0.4 -314.8 -241.15 359.6 -303.6 -240.15
588 0.4 -326 -241.15 359.6 -314.8 -240.15
589 0.4 -337.2 -241.15 359.6 -326 -240.15
590 0.4 -348.4 -241.15 359.6 -337.2 -240.15
591 382.4 866.82 208.65 393.6 867.82 657.85
592 0.4 -359.6 -241.15 359.6 -348.4 -240.15
593 -359.6 -11.6 -241.15 -0.4 -0.4 -240.15
594 -359.6 -22.8 -241.15 -0.4 -11.6 -240.15
595 -359.6 -34 -241.15 -0.4 -22.8 -240.15
596 -359.6 -45.2 -241.15 -0.4 -34 -240.15
597 -359.6 -56.4 -241.15 -0.4 -45.2 -240.15
598 -359.6 -67.6 -241.15 -0.4 -56.4 -240.15
599 393.6 866.82 208.65 404.8 867.82 657.85
600 -359.6 -78.8 -241.15 -0.4 -67.6 -240.15
601 -359.6 -90 -241.15 -0.4 -78.8 -240.15
602 -359.6 -101.2 -241.15 -0.4 -90 -240.15
603 -359.6 -112.4 -241.15 -0.4 -101.2 -240.15
604 -359.6 -123.6 -241.15 -0.4 -112.4 -240.15
605 -359.6 -134.8 -241.15 -0.4 -123.6 -240.15
606 -359.6 -146 -241.15 -0.4 -134.8 -240.15
607 -359.6 -157.2 -241.15 -0.4 -146 -240.15
608 -359.6 -168.4 -241.15 -0.4 -157.2 -240.15
609 -359.6 -179.6 -241.15 -0.4 -168.4 -240.15
610 404.8 866.82 208.65 416 867.82 657.85
611 0.4 -11.6 -241.15 359.6 -0.4 -240.15
612 0.4 -22.8 -241.15 359.6 -11.6 -240.15
613 0.4 -34 -241.15 359.6 -22.8 -240.15
614 0.4 -45.2 -241.15 359.6 -34 -240.15
615 0.4 -56.4 -241.15 359.6 -45.2 -240.15
616 0.4 -67.6 -241.15 359.6 -56.4 -240.15
617 0.4 -78.8 -241.15 359.6 -67.6 -240.15
618 416 866.82 208.65 427.2 867.82 657.85
619 0.4 -90 -241.15 359.6 -78.8 -240.15
620 0.4 -101.2 -241.15 359.6 -90 -240.15
621 0.4 -112.4 -241.15 359.6 -101.2 -240.15
622 0.4 -123.6 -241.15 359.6 -112.4 -240.15
623 0.4 -134.8 -241.15 359.6 -123.6 -240.15
624 0.4 -146 -241.15 359.6 -134.8 -240.15
625 0.4 -157.2 -241.15 359.6 -146 -240.15
626 0.4 -168.4 -241.15 359.6 -157.2 -240.15
627 0.4 -179.6 -241.15 359.6 -168.4 -240.15
628 427.2 866.82 208.65 438.4 867.82 657.85
629 -359.6 168.4 -241.15 -0.4 179.6 -240.15
630 -359.6 157.2 -241.15 -0.4 168.4 -240.15
631 -359.6 146 -241.15 -0.4 157.2 -240.15
632 -359.6 134.8 -241.15 -0.4 146 -240.15
633 -359.6 123.6 -241.15 -0.4 134.8 -240.15
634 -359.6 112.4 -241.15 -0.4 123.6 -240.15
635 -359.6 101.2 -241.15 -0.4 112.4 -240.15
636 -359.6 90 -241.15 -0.4 101.2 -240.15
637 438.4 866.82 208.65 449.6 867.82 657.85
638 -359.6 78.8 -241.15 -0.4 90 -240.15
639 -359.6 67.6 -241.15 -0.4 78.8 -240.15
640 -359.6 56.4 -241.15 -0.4 67.6 -240.15
641 -359.6 45.2 -241.15 -0.4 56.4 -240.15
642 -359.6 34 -241.15 -0.4 45.2 -240.15
643 -359.6 22.8 -241.15 -0.4 34 -240.15
644 -359.6 11.6 -241.15 -0.4 22.8 -240.15
645 -359.6 0.4 -241.15 -0.4 11.6 -240.15
646 0.4 168.4 -241.15 359.6 179.6 -240.15
647 0.4 157.2 -241.15 359.6 168.4 -240.15
648 0.4 146 -241.15 359.6 157.2 -240.15
649 0.4 134.8 -241.15 359.6 146 -240.15
650 0.4 123.6 -241.15 359.6 134.8 -240.15
651 0.4 112.4 -241.15 359.6 123.6 -240.15
652 0.4 101.2 -241.15 359.6 112.4 -240.15
653 0.4 90 -241.15 359.6 101.2 -240.15
654 0.4 78.8 -241.15 359.6 90 -240.15
655 0.4 67.6 -241.15 359.6 78.8 -240.15
656 0.4 56.4 -241.15 359.6 67.6 -240.15
657 0.4 45.2 -241.15 359.6 56.4 -240.15
658 0.4 34 -241.15 359.6 45.2 -240.15
659 0.4 22.8 -241.15 359.6 34 -240.15
660 0.4 11.6 -241.15 359.6 22.8 -240.15
661 0.4 0.4 -241.15 359.6 11.6 -240.15
662 -359.6 348.4 -241.15 -0.4 359.6 -240.15
663 -359.6 337.2 -241.15 -0.4 348.4 -240.15
664 -359.6 326 -241.15 -0.4 337.2 -240.15
665 -359.6 314.8 -241.15 -0.4 326 -240.15
666 -359.6 303.6 -241.15 -0.4 314.8 -240.15
667 -359.6 292.4 -241.15 -0.4 303.6 -240.15
668 -359.6 281.2 -241.15 -0.4 292.4 -240.15
669 -359.6 270 -241.15 -0.4 281.2 -240.15
670 -359.6 258.8 -241.15 -0.4 270 -240.15
671 -359.6 247.6 -241.15 -0.4 258.8 -240.15
672 270.4 866.82 -241.35 281.6 867.82 207.85
673 -359.6 236.4 -241.15 -0.4 247.6 -240.15
674 -359.6 225.2 -241.15 -0.4 236.4 -240.15
675 -359.6 214 -241.15 -0.4 225.2 -240.15
676 -359.6 202.8 -241.15 -0.4 214 -240.15
677 -359.6 191.6 -241.15 -0.4 202.8 -240.15
678 -359.6 180.4 -241.15 -0.4 191.6 -240.15
679 0.4 348.4 -241.15 359.6 359.6 -240.15
680 281.6 866.82 -241.35 292.8 867.82 207.85
681 0.4 337.2 -241.15 359.6 348.4 -240.15
682 0.4 326 -241.15 359.6 337.2 -240.15
683 0.4 314.8 -241.15 359.6 326 -240.15
684 0.4 303.6 -241.15 359.6 314.8 -240.15
685 0.4 292.4 -241.15 359.6 303.6 -240.15
686 0.4 281.2 -241.15 359.6 292.4 -240.15
687 0.4 270 -241.15 359.6 281.2 -240.15
688 0.4 258.8 -241.15 359.6 270 -240.15
689 0.4 247.6 -241.15 359.6 258.8 -240.15
690 0.4 236.4 -241.15 359.6 247.6 -240.15
691 292.8 866.82 -241.35 304 867.82 207.85
692 0.4 225.2 -241.15 359.6 236.4 -240.15
693 0.4 214 -241.15 359.6 225.2 -240.15
694 0.4 202.8 -241.15 359.6 214 -240.15
695 0.4 191.6 -241.15 359.6 202.8 -240.15
696 0.4 180.4 -241.15 359.6 191.6 -240.15
697 -359.6 -359.6 656.65 -348.4 -0.4 657.65
698 -348.4 -359.6 656.65 -337.2 -0.4 657.65
699 304 866.82 -241.35 315.2 867.82 207.85
700 -337.2 -359.6 656.65 -326 -0.4 657.65
701 -326 -359.6 656.65 -314.8 -0.4 657.65
702 -314.8 -359.6 656.65 -303.6 -0.4 657.65
703 -303.6 -359.6 656.65 -292.4 -0.4 657.65
704 -292.4 -359.6 656.65 -281.2 -0.4 657.65
705 -281.2 -359.6 656.65 -270 -0.4 657.65
706 -270 -359.6 656.65 -258.8 -0.4 657.65
707 -258.8 -359.6 656.65 -247.6 -0.4 657.65
708 -247.6 -359.6 656.65 -236.4 -0.4 657.65
709 -236.4 -359.6 656.65 -225.2 -0.4 657.65
710 315.2 866.82 -241.35 326.4 867.82 207.85
711 -225.2 -359.6 656.65 -214 -0.4 657.65
712 -214 -359.6 656.65 -202.8 -0.4 657.65
713 -202.8 -359.6 656.65 -191.6 -0.4 657.65
714 -191.6 -359.6 656.65 -180.4 -0.4 657.65
715 -359.6 0.4 656.65 -348.4 359.6 657.65
716 -348.4 0.4 656.65 -337.2 359.6 657.65
717 -337.2 0.4 656.65 -326 359.6 657.65
718 326.4 866.82 -241.35 337.6 867.82 207.85
719 -326 0.4 656.65 -314.8 359.6 657.65
720 -314.8 0.4 656.65 -303.6 359.6 657.65
721 -303.6 0.4 656.65 -292.4 359.6 657.65
722 -292.4 0.4 656.65 -281.2 359.6 657.65
723 -281.2 0.4 656.65 -270 359.6 657.65
724 -270 0.4 656.65 -258.8 359.6 657.65
725 -258.8 0.4 656.65 -247.6 359.6 657.65
726 -247.6 0.4 656.65 -236.4 359.6 657.65
727 -236.4 0.4 656.65 -225.2 359.6 657.65
728 -225.2 0.4 656.65 -214 359.6 657.65
729 337.6 866.82 -241.35 348.8 867.82 207.85
730 -214 0.4 656.65 -202.8 359.6 657.65
731 -202.8 0.4 656.65 -191.6 359.6 657.65
732 -191.6 0.4 656.65 -180.4 359.6 657.65
733 -179.6 -359.6 656.65 -168.4 -0.4 657.65
734 -168.4 -359.6 656.65 -157.2 -0.4 657.65
735 -157.2 -359.6 656.65 -146 -0.4 657.65
736 -146 -359.6 656.65 -134.8 -0.4 657.65
737 348.8 866.82 -241.35 360 867.82 207.85
738 -134.8 -359.6 656.65 -123.6 -0.4 657.65
739 -123.6 -359.6 656.65 -112.4 -0.4 657.65
740 -112.4 -359.6 656.65 -101.2 -0.4 657.65
741 -101.2 -359.6 656.65 -90 -0.4 657.65
742 -90 -359.6 656.65 -78.8 -0.4 657.65
743 -78.8 -359.6 656.65 -67.6 -0.4 657.65
744 -67.6 -359.6 656.65 -56.4 -0.4 657.65
745 -56.4 -359.6 656.65 -45.2 -0.4 657.65
746 -45.2 -359.6 656.65 -34 -0.4 657.65
747 -34 -359.6 656.65 -22.8 -0.4 657.65
748 360 866.82 -241.35 371.2 867.82 207.85
749 -22.8 -359.6 656.65 -11.6 -0.4 657.65
750 -11.6 -359.6 656.65 -0.4 -0.4 657.65
751 -179.6 0.4 656.65 -168.4 359.6 657.65
752 -168.4 0.4 656.65 -157.2 359.6 657.65
753 -157.2 0.4 656.65 -146 359.6 657.65
754 -146 0.4 656.65 -134.8 359.6 657.65
755 -134.8 0.4 656.65 -123.6 359.6 657.65
756 371.2 866.82 -241.35 382.4 867.82 207.85
757 -123.6 0.4 656.65 -112.4 359.6 657.65
758 -112.4 0.4 656.65 -101.2 359.6 657.65
759 -101.2 0.4 656.65 -90 359.6 657.65
760 -90 0.4 656.65 -78.8 359.6 657.65
761 -78.8 0.4 656.65 -67.6 359.6 657.65
762 -67.6 0.4 656.65 -56.4 359.6 657.65
763 -56.4 0.4 656.65 -45.2 359.6 657.65
764 -45.2 0.4 656.65 -34 359.6 657.65
765 -34 0.4 656.65 -22.8 359.6 657.65
766 -22.8 0.4 656.65 -11.6 359.6 657.65
767 382.4 866.82 -241.35 393.6 867.82 207.85
768 -11.6 0.4 656.65 -0.4 359.6 657.65
769 0.4 -359.6 656.65 11.6 -180.4 657.65
770 11.6 -359.6 656.65 22.8 -180.4 657.65
771 22.8 -359.6 656.65 34 -180.4 657.65
772 34 -359.6 656.65 45.2 -180.4 657.65
773 45.2 -359.6 656.65 56.4 -180.4 657.65
774 56.4 -359.6 656.65 67.6 -180.4 657.65
775 393.6 866.82 -241.35 404.8 867.82 207.85
776 67.6 -359.6 656.65 78.8 -180.4 657.65
777 78.8 -359.6 656.65 90 -180.4 657.65
778 90 -359.6 656.65 101.2 -180.4 657.65
779 101.2 -359.6 656.65 112.4 -180.4 657.65
780 112.4 -359.6 656.65 123.6 -180.4 657.65
781 123.6 -359.6 656.65 134.8 -180.4 657.65
782 134.8 -359.6 656.65 146 -180.4 657.65
783 146 -359.6 656.65 157.2 -180.4 657.65
784 157.2 -359.6 656.65 168.4 -180.4 657.65
785 168.4 -359.6 656.65 179.6 -180.4 657.65
786 404.8 866.82 -241.35 416 867.82 207.85
787 0.4 0.4 656.65 11.6 359.6 657.65
788 11.6 0.4 656.65 22.8 359.6 657.65
789 22.8 0.4 656.65 34 359.6 657.65
790 34 0.4 656.65 45.2 359.6 657.65
791 45.2 0.4 656.65 56.4 359.6 657.65
792 56.4 0.4 656.65 67.6 359.6 657.65
793 67.6 0.4 656.65 78.8 359.6 657.65
794 416 866.82 -241.35 427.2 867.82 207.85
795 78.8 0.4 656.65 90 359.6 657.65
796 90 0.4 656.65 101.2 359.6 657.65
797 101.2 0.4 656.65 112.4 359.6 657.65
798 112.4 0.4 656.65 123.6 359.6 657.65
799 123.6 0.4 656.65 134.8 359.6 657.65
800 134.8 0.4 656.65 146 359.6 657.65
801 146 0.4 656.65 157.2 359.6 657.65
802 157.2 0.4 656.65 168.4 359.6 657.65
803 168.4 0.4 656.65 179.6 359.6 657.65
804 427.2 866.82 -241.35 438.4 867.82 207.85
805 180.4 -359.6 656.65 191.6 -0.4 657.65
806 191.6 -359.6 656.65 202.8 -0.4 657.65
807 202.8 -359.6 656.65 214 -0.4 657.65
808 214 -359.6 656.65 225.2 -0.4 657.65
809 225.2 -359.6 656.65 236.4 -0.4 657.65
810 236.4 -359.6 656.65 247.6 -0.4 657.65
811 247.6 -359.6 656.65 258.8 -0.4 657.65
812 258.8 -359.6 656.65 270 -0.4 657.65
813 438.4 866.82 -241.35 449.6 867.82 207.85
814 270 -359.6 656.65 281.2 -0.4 657.65
815 281.2 -359.6 656.65 292.4 -0.4 657.65
816 292.4 -359.6 656.65 303.6 -0.4 657.65
817 303.6 -359.6 656.65 314.8 -0.4 657.65
818 314.8 -359.6 656.65 326 -0.4 657.65
819 326 -359.6 656.65 337.2 -0.4 657.65
820 337.2 -359.6 656.65 348.4 -0.4 657.65
821 348.4 -359.6 656.65 359.6 -0.4 657.65
822 180.4 0.4 656.65 191.6 359.6 657.65
823 191.6 0.4 656.65 202.8 359.6 657.65
824 202.8 0.4 656.65 214 359.6 657.65
825 214 0.4 656.65 225.2 359.6 657.65
826 225.2 0.4 656.65 236.4 359.6 657.65
827 236.4 0.4 656.65 247.6 359.6 657.65
828 247.6 0.4 656.65 258.8 359.6 657.65
829 258.8 0.4 656.65 270 359.6 657.65
830 270 0.4 656.65 281.2 359.6 657.65
831 281.2 0.4 656.65 292.4 359.6 657.65
832 292.4 0.4 656.65 303.6 359.6 657.65
833 303.6 0.4 656.65 314.8 359.6 657.65
834 314.8 0.4 656.65 326 359.6 657.65
835 326 0.4 656.65 337.2 359.6 657.65
836 337.2 0.4 656.65 348.4 359.6 657.65
837 348.4 0.4 656.65 359.6 359.6 657.65
838 -359.6 -191.6 654.85 -0.4 -180.4 655.85
839 -359.6 -202.8 654.85 -0.4 -191.6 655.85
840 -359.6 -214 654.85 -0.4 -202.8 655.85
841 -359.6 -225.2 654.85 -0.4 -214 655.85
842 -359.6 -236.4 654.85 -0.4 -225.2 655.85
843 -359.6 -247.6 654.85 -0.4 -236.4 655.85
844 -359.6 -258.8 654.85 -0.4 -247.6 655.85
845 -359.6 -270 654.85 -0.4 -258.8 655.85
846 -359.6 -281.2 654.85 -0.4 -270 655.85
847 -359.6 -292.4 654.85 -0.4 -281.2 655.85
848 -449.6 865.02 478.65 -0.4 866.02 489.85
849 -359.6 -303.6 654.85 -0.4 -292.4 655.85
850 -359.6 -314.8 654.85 -0.4 -303.6 655.85
851 -359.6 -326 654.85 -0.4 -314.8 655.85
852 -359.6 -337.2 654.85 -0.4 -326 655.85
853 -359.6 -348.4 654.85 -0.4 -337.2 655.85
854 -359.6 -359.6 654.85 -0.4 -348.4 655.85
855 0.4 -191.6 654.85 359.6 -180.4 655.85
856 -449.6 865.02 489.85 -0.4 866.02 501.05
857 0.4 -202.8 654.85 359.6 -191.6 655.85
858 0.4 -214 654.85 359.6 -202.8 655.85
859 0.4 -225.2 654.85 359.6 -214 655.85
860 0.4 -236.4 654.85 359.6 -225.2 655.85
861 0.4 -247.6 654.85 359.6 -236.4 655.85
862 0.4 -258.8 654.85 359.6 -247.6 655.85
863 0.4 -270 654.85 359.6 -258.8 655.85
864 0.4 -281.2 654.85 359.6 -270 655.85
865 0.4 -292.4 654.85 359.6 -281.2 655.85
866 0.4 -303.6 654.85 359.6 -292.4 655.85
867 -449.6 865.02 501.05 -0.4 866.02 512.25
868 0.4 -314.8 654.85 359.6 -303.6 655.85
869 0.4 -326 654.85 359.6 -314.8 655.85
870 0.4 -337.2 654.85 359.6 -326 655.85
871 0.4 -348.4 654.85 359.6 -337.2 655.85
872 0.4 -359.6 654.85 359.6 -348.4 655.85
873 -359.6 -11.6 654.85 -0.4 -0.4 655.85
874 -359.6 -22.8 654.85 -0.4 -11.6 655.85
875 -449.6 865.02 512.25 -0.4 866.02 523.45
876 -359.6 -34 654.85 -0.4 -22.8 655.85
877 -359.6 -45.2 654.85 -0.4 -34 655.85
878 -359.6 -56.4 654.85 -0.4 -45.2 655.85
879 -359.6 -67.6 654.85 -0.4 -56.4 655.85
880 -359.6 -78.8 654.85 -0.4 -67.6 655.85
881 -359.6 -90 654.85 -0.4 -78.8 655.85
882 -359.6 -101.2 654.85 -0.4 -90 655.85
883 -359.6 -112.4 654.85 -0.4 -101.2 655.85
884 -359.6 -123.6 654.85 -0.4 -112.4 655.85
885 -359.6 -134.8 654.85 -0.4 -123.6 655.85
886 -449.6 865.02 523.45 -0.4 866.02 534.65
887 -359.6 -146 654.85 -0.4 -134.8 655.85
888 -359.6 -157.2 654.85 -0.4 -146 655.85
889 -359.6 -168.4 654.85 -0.4 -157.2 655.85
890 -359.6 -179.6 654.85 -0.4 -168.4 655.85
891 180.4 -11.6 654.85 359.6 -0.4 655.85
892 180.4 -22.8 654.85 359.6 -11.6 655.85
893 180.4 -34 654.85 359.6 -22.8 655.85
894 -449.6 865.02 534.65 -0.4 866.02 545.85
895 180.4 -45.2 654.85 359.6 -34 655.85
896 180.4 -56.4 654.85 359.6 -45.2 655.85
897 180.4 -67.6 654.85 359.6 -56.4 655.85
898 180.4 -78.8 654.85 359.6 -67.6 655.85
899 180.4 -90 654.85 359.6 -78.8 655.85
900 180.4 -101.2 654.85 359.6 -90 655.85
901 180.4 -112.4 654.85 359.6 -101.2 655.85
902 180.4 -123.6 654.85 359.6 -112.4 655.85
903 180.4 -134.8 654.85 359.6 -123.6 655.85
904 180.4 -146 654.85 359.6 -134.8 655.85
905 -449.6 865.02 545.85 -0.4 866.02 557.05
906 180.4 -157.2 654.85 359.6 -146 655.85
907 180.4 -168.4 654.85 359.6 -157.2 655.85
908 180.4 -179.6 654.85 359.6 -168.4 655.85
909 -359.6 168.4 654.85 -0.4 179.6 655.85
910 -359.6 157.2 654.85 -0.4 168.4 655.85
911 -359.6 146 654.85 -0.4 157.2 655.85
912 -359.6 134.8 654.85 -0.4 146 655.85
913 -449.6 865.02 557.05 -0.4 866.02 568.25
914 -359.6 123.6 654.85 -0.4 134.8 655.85
915 -359.6 112.4 654.85 -0.4 123.6 655.85
916 -359.6 101.2 654.85 -0.4 112.4 655.85
917 -359.6 90 654.85 -0.4 101.2 655.85
918 -359.6 78.8 654.85 -0.4 90 655.85
919 -359.6 67.6 654.85 -0.4 78.8 655.85
920 -359.6 56.4 654.85 -0.4 67.6 655.85
921 -359.6 45.2 654.85 -0.4 56.4 655.85
922 -359.6 34 654.85 -0.4 45.2 655.85
923 -359.6 22.8 654.85 -0.4 34 655.85
924 -449.6 865.02 568.25 -0.4 866.02 579.45
925 -359.6 11.6 654.85 -0.4 22.8 655.85
926 -359.6 0.4 654.85 -0.4 11.6 655.85
927 0.4 168.4 654.85 359.6 179.6 655.85
928 0.4 157.2 654.85 359.6 168.4 655.85
929 0.4 146 654.85 359.6 157.2 655.85
930 0.4 134.8 654.85 359.6 146 655.85
931 0.4 123.6 654.85 359.6 134.8 655.85
932 -449.6 865.02 579.45 -0.4 866.02 590.65
933 -449.6 866.82 -241.35 -438.4 867.82 207.85
934 -438.4 866.82 208.65 -427.2 867.82 657.85
935 0.4 112.4 654.85 359.6 123.6 655.85
936 0.4 101.2 654.85 359.6 112.4 655.85
937 0.4 90 654.85 359.6 101.2 655.85
938 0.4 78.8 654.85 359.6 90 655.85
939 0.4 67.6 654.85 359.6 78.8 655.85
940 0.4 56.4 654.85 359.6 67.6 655.85
941 0.4 45.2 654.85 359.6 56.4 655.85
942 0.4 34 654.85 359.6 45.2 655.85
943 0.4 22.8 654.85 359.6 34 655.85
944 0.4 11.6 654.85 359.6 22.8 655.85
945 -449.6 865.02 590.65 -0.4 866.02 601.85
946 0.4 0.4 654.85 359.6 11.6 655.85
947 -359.6 348.4 654.85 -0.4 359.6 655.85
948 -359.6 337.2 654.85 -0.4 348.4 655.85
949 -359.6 326 654.85 -0.4 337.2 655.85
950 -359.6 314.8 654.85 -0.4 326 655.85
951 -359.6 303.6 654.85 -0.4 314.8 655.85
952 -359.6 292.4 654.85 -0.4 303.6 655.85
953 -449.6 865.02 601.85 -0.4 866.02 613.05
954 -359.6 281.2 654.85 -0.4 292.4 655.85
955 -359.6 270 654.85 -0.4 281.2 655.85
956 -359.6 258.8 654.85 -0.4 270 655.85
957 -359.6 247.6 654.85 -0.4 258.8 655.85
958 -359.6 236.4 654.85 -0.4 247.6 655.85
959 -359.6 225.2 654.85 -0.4 236.4 655.85
960 -359.6 214 654.85 -0.4 225.2 655.85
961 -359.6 202.8 654.85 -0.4 214 655.85
962 -359.6 191.6 654.85 -0.4 202.8 655.85
963 -359.6 180.4 654.85 -0.4 191.6 655.85
964 -449.6 865.02 613.05 -0.4 866.02 624.25
965 0.4 348.4 654.85 359.6 359.6 655.85
966 0.4 337.2 654.85 359.6 348.4 655.85
967 0.4 326 654.85 359.6 337.2 655.85
968 0.4 314.8 654.85 359.6 326 655.85
969 0.4 303.6 654.85 359.6 314.8 655.85
970 0.4 292.4 654.85 359.6 303.6 655.85
971 0.4 281.2 654.85 359.6 292.4 655.85
972 -449.6 865.02 624.25 -0.4 866.02 635.45
973 0.4 270 654.85 359.6 281.2 655.85
974 0.4 258.8 654.85 359.6 270 655.85
975 0.4 247.6 654.85 359.6 258.8 655.85
976 0.4 236.4 654.85 359.6 247.6 655.85
977 0.4 225.2 654.85 359.6 236.4 655.85
978 0.4 214 654.85 359.6 225.2 655.85
979 0.4 202.8 654.85 359.6 214 655.85
980 0.4 191.6 654.85 359.6 202.8 655.85
981 0.4 180.4 654.85 359.6 191.6 655.85
982 -449.6 865.02 635.45 -0.4 866.02 646.65
983 -223.1 -359.4 -269.35 -217.15 -358.4 1.85
984 -217.15 -359.4 -269.35 -211.2 -358.4 1.85
985 -211.2 -359.4 -269.35 -205.25 -358.4 1.85
986 -205.25 -359.4 -269.35 -199.3 -358.4 1.85
987 -199.3 -359.4 -269.35 -193.35 -358.4 1.85
988 -193.35 -359.4 -269.35 -187.4 -358.4 1.85
989 -187.4 -359.4 -269.35 -181.45 -358.4 1.85
990 -181.45 -359.4 -269.35 -175.5 -358.4 1.85
991 -449.6 865.02 646.65 -0.4 866.02 657.85
992 -175.5 -359.4 -269.35 -169.55 -358.4 1.85
993 -169.55 -359.4 -269.35 -163.6 -358.4 1.85
994 -163.6 -359.4 -269.35 -157.65 -358.4 1.85
995 -157.65 -359.4 -269.35 -151.7 -358.4 1.85
996 -151.7 -359.4 -269.35 -145.75 -358.4 1.85
997 -145.75 -359.4 -269.35 -139.8 -358.4 1.85
998 -139.8 -359.4 -269.35 -133.85 -358.4 1.85
999 -133.85 -359.4 -269.35 -127.9 -358.4 1.85
1000 -319.1 -359.4 -269.35 -313.15 -358.4 1.85
1001 -313.15 -359.4 -269.35 -307.2 -358.4 1.85
1002 -307.2 -359.4 -269.35 -301.25 -358.4 1.85
1003 -301.25 -359.4 -269.35 -295.3 -358.4 1.85
1004 -295.3 -359.4 -269.35 -289.35 -358.4 1.85
1005 -289.35 -359.4 -269.35 -283.4 -358.4 1.85
1006 -283.4 -359.4 -269.35 -277.45 -358.4 1.85
1007 -277.45 -359.4 -269.35 -271.5 -358.4 1.85
1008 -271.5 -359.4 -269.35 -265.55 -358.4 1.85
1009 -265.55 -359.4 -269.35 -259.6 -358.4 1.85
1010 -259.6 -359.4 -269.35 -253.65 -358.4 1.85
1011 -253.65 -359.4 -269.35 -247.7 -358.4 1.85
1012 -247.7 -359.4 -269.35 -241.75 -358.4 1.85
1013 -241.75 -359.4 -269.35 -235.8 -358.4 1.85
1014 -235.8 -359.4 -269.35 -229.85 -358.4 1.85
1015 -229.85 -359.4 -269.35 -223.9 -358.4 1.85
1016 -415.1 -359.4 -269.35 -409.15 -358.4 1.85
1017 -409.15 -359.4 -269.35 -403.2 -358.4 1.85
1018 -403.2 -359.4 -269.35 -397.25 -358.4 1.85
1019 -397.25 -359.4 -269.35 -391.3 -358.4 1.85
1020 -391.3 -359.4 -269.35 -385.35 -358.4 1.85
1021 -385.35 -359.4 -269.35 -379.4 -358.4 1.85
1022 -379.4 -359.4 -269.35 -373.45 -358.4 1.85
1023 -373.45 -359.4 -269.35 -367.5 -358.4 1.85
1024 -367.5 -359.4 -269.35 -361.55 -358.4 1.85
1025 -361.55 -359.4 -269.35 -355.6 -358.4 1.85
1026 0.4 865.02 478.65 449.6 866.02 489.85
1027 -438.4 866.82 -241.35 -427.2 867.82 207.85
1028 -355.6 -359.4 -269.35 -349.65 -358.4 1.85
1029 -349.65 -359.4 -269.35 -343.7 -358.4 1.85
1030 -343.7 -359.4 -269.35 -337.75 -358.4 1.85
1031 -337.75 -359.4 -269.35 -331.8 -358.4 1.85
1032 -331.8 -359.4 -269.35 -325.85 -358.4 1.85
1033 -325.85 -359.4 -269.35 -319.9 -358.4 1.85
1034 -95.6 -359.4 -269.35 -89.65 -358.4 1.85
1035 0.4 865.02 489.85 449.6 866.02 501.05
1036 -89.65 -359.4 -269.35 -83.7 -358.4 1.85
1037 -83.7 -359.4 -269.35 -77.75 -358.4 1.85
1038 -77.75 -359.4 -269.35 -71.8 -358.4 1.85
1039 -71.8 -359.4 -269.35 -65.85 -358.4 1.85
1040 -65.85 -359.4 -269.35 -59.9 -358.4 1.85
1041 -59.9 -359.4 -269.35 -53.95 -358.4 1.85
1042 -53.95 -359.4 -269.35 -48 -358.4 1.85
1043 -48 -359.4 -269.35 -42.05 -358.4 1.85
1044 -42.05 -359.4 -269.35 -36.1 -358.4 1.85
1045 -36.1 -359.4 -269.35 -30.15 -358.4 1.85
1046 0.4 865.02 501.05 449.6 866.02 512.25
1047 -30.15 -359.4 -269.35 -24.2 -358.4 1.85
1048 -24.2 -359.4 -269.35 -18.25 -358.4 1.85
1049 -18.25 -359.4 -269.35 -12.3 -358.4 1.85
1050 -12.3 -359.4 -269.35 -6.35 -358.4 1.85
1051 -6.35 -359.4 -269.35 -0.4 -358.4 1.85
1052 0.4 -359.4 -269.35 6.35 -358.4 1.85
1053 6.35 -359.4 -269.35 12.3 -358.4 1.85
1054 0.4 865.02 512.25 449.6 866.02 523.45
1055 12.3 -359.4 -269.35 18.25 -358.4 1.85
1056 18.25 -359.4 -269.35 24.2 -358.4 1.85
1057 24.2 -359.4 -269.35 30.15 -358.4 1.85
1058 30.15 -359.4 -269.35 36.1 -358.4 1.85
1059 36.1 -359.4 -269.35 42.05 -358.4 1.85
1060 42.05 -359.4 -269.35 48 -358.4 1.85
1061 48 -359.4 -269.35 53.95 -358.4 1.85
1062 53.95 -359.4 -269.35 59.9 -358.4 1.85
1063 59.9 -359.4 -269.35 65.85 -358.4 1.85
1064 65.85 -359.4 -269.35 71.8 -358.4 1.85
1065 0.4 865.02 523.45 449.6 866.02 534.65
1066 71.8 -359.4 -269.35 77.75 -358.4 1.85
1067 77.75 -359.4 -269.35 83.7 -358.4 1.85
1068 83.7 -359.4 -269.35 89.65 -358.4 1.85
1069 89.65 -359.4 -269.35 95.6 -358.4 1.85
1070 127.9 -359.4 -269.35 133.85 -358.4 1.85
1071 133.85 -359.4 -269.35 139.8 -358.4 1.85
1072 139.8 -359.4 -269.35 145.75 -358.4 1.85
1073 0.4 865.02 534.65 449.6 866.02 545.85
1074 145.75 -359.4 -269.35 151.7 -358.4 1.85
1075 151.7 -359.4 -269.35 157.65 -358.4 1.85
1076 157.65 -359.4 -269.35 163.6 -358.4 1.85
1077 163.6 -359.4 -269.35 169.55 -358.4 1.85
1078 169.55 -359.4 -269.35 175.5 -358.4 1.85
1079 175.5 -359.4 -269.35 181.45 -358.4 1.85
1080 181.45 -359.4 -269.35 187.4 -358.4 1.85
1081 187.4 -359.4 -269.35 193.35 -358.4 1.85
1082 193.35 -359.4 -269.35 199.3 -358.4 1.85
1083 199.3 -359.4 -269.35 205.25 -358.4 1.85
1084 0.4 865.02 545.85 449.6 866.02 557.05
1085 205.25 -359.4 -269.35 211.2 -358.4 1.85
1086 211.2 -359.4 -269.35 217.15 -358.4 1.85
1087 217.15 -359.4 -269.35 223.1 -358.4 1.85
1088 223.9 -359.4 -269.35 229.85 -358.4 1.85
1089 229.85 -359.4 -269.35 235.8 -358.4 1.85
1090 235.8 -359.4 -269.35 241.75 -358.4 1.85
1091 241.75 -359.4 -269.35 247.7 -358.4 1.85
1092 0.4 865.02 557.05 449.6 866.02 568.25
1093 247.7 -359.4 -269.35 253.65 -358.4 1.85
1094 253.65 -359.4 -269.35 259.6 -358.4 1.85
1095 259.6 -359.4 -269.35 265.55 -358.4 1.85
1096 265.55 -359.4 -269.35 271.5 -358.4 1.85
1097 271.5 -359.4 -269.35 277.45 -358.4 1.85
1098 277.45 -359.4 -269.35 283.4 -358.4 1.85
1099 283.4 -359.4 -269.35 289.35 -358.4 1.85
1100 289.35 -359.4 -269.35 295.3 -358.4 1.85
1101 295.3 -359.4 -269.35 301.25 -358.4 1.85
1102 301.25 -359.4 -269.35 307.2 -358.4 1.85
1103 0.4 865.02 568.25 449.6 866.02 579.45
1104 307.2 -359.4 -269.35 313.15 -358.4 1.85
1105 313.15 -359.4 -269.35 319.1 -358.4 1.85
1106 319.9 -359.4 -269.35 325.85 -358.4 1.85
1107 325.85 -359.4 -269.35 331.8 -358.4 1.85
1108 331.8 -359.4 -269.35 337.75 -358.4 1.85
1109 337.75 -359.4 -269.35 343.7 -358.4 1.85
1110 343.7 -359.4 -269.35 349.65 -358.4 1.85
1111 0.4 865.02 579.45 449.6 866.02 590.65
1112 349.65 -359.4 -269.35 355.6 -358.4 1.85
1113 355.6 -359.4 -269.35 361.55 -358.4 1.85
1114 361.55 -359.4 -269.35 367.5 -358.4 1.85
1115 367.5 -359.4 -269.35 373.45 -358.4 1.85
1116 373.45 -359.4 -269.35 379.4 -358.4 1.85
1117 379.4 -359.4 -269.35 385.35 -358.4 1.85
1118 385.35 -359.4 -269.35 391.3 -358.4 1.85
1119 391.3 -359.4 -269.35 397.25 -358.4 1.85
1120 397.25 -359.4 -269.35 403.2 -358.4 1.85
1121 403.2 -359.4 -269.35 409.15 -358.4 1.85
1122 0.4 865.02 590.65 449.6 866.02 601.85
1123 -427.2 866.82 -241.35 -416 867.82 207.85
1124 409.15 -359.4 -269.35 415.1 -358.4 1.85
1125 -223.1 -359.4 414.65 -217.15 -358.4 685.85
1126 -217.15 -359.4 414.65 -211.2 -358.4 685.85
1127 -211.2 -359.4 414.65 -205.25 -358.4 685.85
1128 -205.25 -359.4 414.65 -199.3 -358.4 685.85
1129 -199.3 -359.4 414.65 -193.35 -358.4 685.85
1130 -193.35 -359.4 414.65 -187.4 -358.4 685.85
1131 0.4 865.02 601.85 449.6 866.02 613.05
1132 -187.4 -359.4 414.65 -181.45 -358.4 685.85
1133 -181.45 -359.4 414.65 -175.5 -358.4 685.85
1134 -175.5 -359.4 414.65 -169.55 -358.4 685.85
1135 -169.55 -359.4 414.65 -163.6 -358.4 685.85
1136 -163.6 -359.4 414.65 -157.65 -358.4 685.85
1137 -157.65 -359.4 414.65 -151.7 -358.4 685.85
1138 -151.7 -359.4 414.65 -145.75 -358.4 685.85
1139 -145.75 -359.4 414.65 -139.8 -358.4 685.85
1140 -139.8 -359.4 414.65 -133.85 -358.4 685.85
1141 -133.85 -359.4 414.65 -127.9 -358.4 685.85
1142 0.4 865.02 613.05 449.6 866.02 624.25
1143 -319.1 -359.4 414.65 -313.15 -358.4 685.85
1144 -313.15 -359.4 414.65 -307.2 -358.4 685.85
1145 -307.2 -359.4 414.65 -301.25 -358.4 685.85
1146 -301.25 -359.4 414.65 -295.3 -358.4 685.85
1147 -295.3 -359.4 414.65 -289.35 -358.4 685.85
1148 -289.35 -359.4 414.65 -283.4 -358.4 685.85
1149 -283.4 -359.4 414.65 -277.45 -358.4 685.85
1150 0.4 865.02 624.25 449.6 866.02 635.45
1151 -277.45 -359.4 414.65 -271.5 -358.4 685.85
1152 -271.5 -359.4 414.65 -265.55 -358.4 685.85
1153 -265.55 -359.4 414.65 -259.6 -358.4 685.85
1154 -259.6 -359.4 414.65 -253.65 -358.4 685.85
1155 -253.65 -359.4 414.65 -247.7 -358.4 685.85
1156 -247.7 -359.4 414.65 -241.75 -358.4 685.85
1157 -241.75 -359.4 414.65 -235.8 -358.4 685.85
1158 -235.8 -359.4 414.65 -229.85 -358.4 685.85
1159 -229.85 -359.4 414.65 -223.9 -358.4 685.85
1160 0.4 865.02 635.45 449.6 866.02 646.65
1161 -415.1 -359.4 414.65 -409.15 -358.4 685.85
1162 -409.15 -359.4 414.65 -403.2 -358.4 685.85
1163 -403.2 -359.4 414.65 -397.25 -358.4 685.85
1164 -397.25 -359.4 414.65 -391.3 -358.4 685.85
1165 -391.3 -359.4 414.65 -385.35 -358.4 685.85
1166 -385.35 -359.4 414.65 -379.4 -358.4 685.85
1167 -379.4 -359.4 414.65 -373.45 -358.4 685.85
1168 -373.45 -359.4 414.65 -367.5 -358.4 685.85
1169 0.4 865.02 646.65 449.6 866.02 657.85
1170 -367.5 -359.4 414.65 -361.55 -358.4 685.85
1171 -361.55 -359.4 414.65 -355.6 -358.4 685.85
1172 -355.6 -359.4 414.65 -349.65 -358.4 685.85
1173 -349.65 -359.4 414.65 -343.7 -358.4 685.85
1174 -343.7 -359.4 414.65 -337.75 -358.4 685.85
1175 -337.75 -359.4 414.65 -331.8 -358.4 685.85
1176 -331.8 -359.4 414.65 -325.85 -358.4 685.85
1177 -325.85 -359.4 414.65 -319.9 -358.4 685.85
1178 -95.6 -359.4 414.65 -89.65 -358.4 685.85
1179 -89.65 -359.4 414.65 -83.7 -358.4 685.85
1180 -83.7 -359.4 414.65 -77.75 -358.4 685.85
1181 -77.75 -359.4 414.65 -71.8 -358.4 685.85
1182 -71.8 -359.4 414.65 -65.85 -358.4 685.85
1183 -65.85 -359.4 414.65 -59.9 -358.4 685.85
1184 -59.9 -359.4 414.65 -53.95 -358.4 685.85
1185 -53.95 -359.4 414.65 -48 -358.4 685.85
1186 -48 -359.4 414.65 -42.05 -358.4 685.85
1187 -42.05 -359.4 414.65 -36.1 -358.4 685.85
1188 -36.1 -359.4 414.65 -30.15 -358.4 685.85
1189 -30.15 -359.4 414.65 -24.2 -358.4 685.85
1190 -24.2 -359.4 414.65 -18.25 -358.4 685.85
1191 -18.25 -359.4 414.65 -12.3 -358.4 685.85
1192 -12.3 -359.4 414.65 -6.35 -358.4 685.85
1193 -6.35 -359.4 414.65 -0.4 -358.4 685.85
1194 0.4 -359.4 414.65 6.35 -358.4 685.85
1195 6.35 -359.4 414.65 12.3 -358.4 685.85
1196 12.3 -359.4 414.65 18.25 -358.4 685.85
1197 18.25 -359.4 414.65 24.2 -358.4 685.85
1198 24.2 -359.4 414.65 30.15 -358.4 685.85
1199 30.15 -359.4 414.65 36.1 -358.4 685.85
1200 36.1 -359.4 414.65 42.05 -358.4 685.85
1201 42.05 -359.4 414.65 48 -358.4 685.85
1202 48 -359.4 414.65 53.95 -358.4 685.85
1203 53.95 -359.4 414.65 59.9 -358.4 685.85
1204 -449.6 865.02 298.65 -0.4 866.02 309.85
1205 59.9 -359.4 414.65 65.85 -358.4 685.85
1206 65.85 -359.4 414.65 71.8 -358.4 685.85
1207 71.8 -359.4 414.65 77.75 -358.4 685.85
1208 77.75 -359.4 414.65 83.7 -358.4 685.85
1209 83.7 -359.4 414.65 89.65 -358.4 685.85
1210 89.65 -359.4 414.65 95.6 -358.4 685.85
1211 127.9 -359.4 414.65 133.85 -358.4 685.85
1212 -449.6 865.02 309.85 -0.4 866.02 321.05
1213 -416 866.82 -241.35 -404.8 867.82 207.85
1214 133.85 -359.4 414.65 139.8 -358.4 685.85
1215 139.8 -359.4 414.65 145.75 -358.4 685.85
1216 145.75 -359.4 414.65 151.7 -358.4 685.85
1217 151.7 -359.4 414.65 157.65 -358.4 685.85
1218 157.65 -359.4 414.65 163.6 -358.4 685.85
1219 163.6 -359.4 414.65 169.55 -358.4 685.85
1220 169.55 -359.4 414.65 175.5 -358.4 685.85
1221 175.5 -359.4 414.65 181.45 -358.4 685.85
1222 181.45 -359.4 414.65 187.4 -358.4 685.85
1223 187.4 -359.4 414.65 193.35 -358.4 685.85
1224 -449.6 865.02 321.05 -0.4 866.02 332.25
1225 193.35 -359.4 414.65 199.3 -358.4 685.85
1226 199.3 -359.4 414.65 205.25 -358.4 685.85
1227 205.25 -359.4 414.65 211.2 -358.4 685.85
1228 211.2 -359.4 414.65 217.15 -358.4 685.85
1229 217.15 -359.4 414.65 223.1 -358.4 685.85
1230 223.9 -359.4 414.65 229.85 -358.4 685.85
1231 229.85 -359.4 414.65 235.8 -358.4 685.85
1232 -449.6 865.02 332.25 -0.4 866.02 343.45
1233 235.8 -359.4 414.65 241.75 -358.4 685.85
1234 241.75 -359.4 414.65 247.7 -358.4 685.85
1235 247.7 -359.4 414.65 253.65 -358.4 685.85
1236 253.65 -359.4 414.65 259.6 -358.4 685.85
1237 259.6 -359.4 414.65 265.55 -358.4 685.85
1238 265.55 -359.4 414.65 271.5 -358.4 685.85
1239 271.5 -359.4 414.65 277.45 -358.4 685.85
1240 277.45 -359.4 414.65 283.4 -358.4 685.85
1241 283.4 -359.4 414.65 289.35 -358.4 685.85
1242 289.35 -359.4 414.65 295.3 -358.4 685.85
1243 -449.6 865.02 343.45 -0.4 866.02 354.65
1244 295.3 -359.4 414.65 301.25 -358.4 685.85
1245 301.25 -359.4 414.65 307.2 -358.4 685.85
1246 307.2 -359.4 414.65 313.15 -358.4 685.85
1247 313.15 -359.4 414.65 319.1 -358.4 685.85
1248 319.9 -359.4 414.65 325.85 -358.4 685.85
1249 325.85 -359.4 414.65 331.8 -358.4 685.85
1250 331.8 -359.4 414.65 337.75 -358.4 685.85
1251 -449.6 865.02 354.65 -0.4 866.02 365.85
1252 337.75 -359.4 414.65 343.7 -358.4 685.85
1253 343.7 -359.4 414.65 349.65 -358.4 685.85
1254 349.65 -359.4 414.65 355.6 -358.4 685.85
1255 355.6 -359.4 414.65 361.55 -358.4 685.85
1256 361.55 -359.4 414.65 367.5 -358.4 685.85
1257 367.5 -359.4 414.65 373.45 -358.4 685.85
1258 373.45 -359.4 414.65 379.4 -358.4 685.85
1259 379.4 -359.4 414.65 385.35 -358.4 685.85
1260 385.35 -359.4 414.65 391.3 -358.4 685.85
1261 391.3 -359.4 414.65 397.25 -358.4 685.85
1262 -449.6 865.02 365.85 -0.4 866.02 377.05
1263 397.25 -359.4 414.65 403.2 -358.4 685.85
1264 403.2 -359.4 414.65 409.15 -358.4 685.85
1265 409.15 -359.4 414.65 415.1 -358.4 685.85
1266 -399.1 -357.6 -73.35 -127.9 -356.6 -67.4
1267 -399.1 -357.6 -67.4 -127.9 -356.6 -61.45
1268 -399.1 -357.6 -61.45 -127.9 -356.6 -55.5
1269 -399.1 -357.6 -55.5 -127.9 -356.6 -49.55
1270 -449.6 865.02 377.05 -0.4 866.02 388.25
1271 -399.1 -357.6 -49.55 -127.9 -356.6 -43.6
1272 -399.1 -357.6 -43.6 -127.9 -356.6 -37.65
1273 -399.1 -357.6 -37.65 -127.9 -356.6 -31.7
1274 -399.1 -357.6 -31.7 -127.9 -356.6 -25.75
1275 -399.1 -357.6 -25.75 -127.9 -356.6 -19.8
1276 -399.1 -357.6 -19.8 -127.9 -356.6 -13.85
1277 -399.1 -357.6 -13.85 -127.9 -356.6 -7.9
1278 -399.1 -357.6 -7.9 -127.9 -356.6 -1.95
1279 -399.1 -357.6 -1.95 -127.9 -356.6 4
1280 -399.1 -357.6 4 -127.9 -356.6 9.95
1281 -449.6 865.02 388.25 -0.4 866.02 399.45
1282 -399.1 -357.6 9.95 -127.9 -356.6 15.9
1283 -399.1 -357.6 15.9 -127.9 -356.6 21.85
1284 -399.1 -357.6 -171.35 -127.9 -356.6 -165.4
1285 -399.1 -357.6 -165.4 -127.9 -356.6 -159.45
1286 -399.1 -357.6 -159.45 -127.9 -356.6 -153.5
1287 -399.1 -357.6 -153.5 -127.9 -356.6 -147.55
1288 -399.1 -357.6 -147.55 -127.9 -356.6 -141.6
1289 -449.6 865.02 399.45 -0.4 866.02 410.65
1290 -399.1 -357.6 -141.6 -127.9 -356.6 -135.65
1291 -399.1 -357.6 -135.65 -127.9 -356.6 -129.7
1292 -399.1 -357.6 -129.7 -127.9 -356.6 -123.75
1293 -399.1 -357.6 -123.75 -127.9 -356.6 -117.8
1294 -399.1 -357.6 -117.8 -127.9 -356.6 -111.85
1295 -399.1 -357.6 -111.85 -127.9 -356.6 -105.9
1296 -399.1 -357.6 -105.9 -127.9 -356.6 -99.95
1297 -399.1 -357.6 -99.95 -127.9 -356.6 -94
1298 -399.1 -357.6 -94 -127.9 -356.6 -88.05
1299 -399.1 -357.6 -88.05 -127.9 -356.6 -82.1
1300 -449.6 865.02 410.65 -0.4 866.02 421.85
1301 -399.1 -357.6 -82.1 -127.9 -356.6 -76.15
1302 -399.1 -357.6 -269.35 -127.9 -356.6 -263.4
1303 -399.1 -357.6 -263.4 -127.9 -356.6 -257.45
1304 -399.1 -357.6 -257.45 -127.9 -356.6 -251.5
1305 -399.1 -357.6 -251.5 -127.9 -356.6 -245.55
1306 -399.1 -357.6 -245.55 -127.9 -356.6 -239.6
1307 -399.1 -357.6 -239.6 -127.9 -356.6 -233.65
1308 -449.6 865.02 421.85 -0.4 866.02 433.05
1309 -404.8 866.82 -241.35 -393.6 867.82 207.85
1310 -399.1 -357.6 -233.65 -127.9 -356.6 -227.7
1311 -399.1 -357.6 -227.7 -127.9 -356.6 -221.75
1312 -399.1 -357.6 -221.75 -127.9 -356.6 -215.8
1313 -399.1 -357.6 -215.8 -127.9 -356.6 -209.85
1314 -399.1 -357.6 -209.85 -127.9 -356.6 -203.9
1315 -399.1 -357.6 -203.9 -127.9 -356.6 -197.95
1316 -399.1 -357.6 -197.95 -127.9 -356.6 -192
1317 -399.1 -357.6 -192 -127.9 -356.6 -186.05
1318 -399.1 -357.6 -186.05 -127.9 -356.6 -180.1
1319 -399.1 -357.6 -180.1 -127.9 -356.6 -174.15
1320 -449.6 865.02 433.05 -0.4 866.02 444.25
1321 -399.1 -359.4 43.65 -127.9 -358.4 49.6
1322 -399.1 -359.4 49.6 -127.9 -358.4 55.55
1323 -399.1 -359.4 55.55 -127.9 -358.4 61.5
1324 -399.1 -359.4 61.5 -127.9 -358.4 67.45
1325 -399.1 -359.4 67.45 -127.9 -358.4 73.4
1326 -399.1 -359.4 73.4 -127.9 -358.4 79.35
1327 -399.1 -359.4 79.35 -127.9 -358.4 85.3
1328 -449.6 865.02 444.25 -0.4 866.02 455.45
1329 -399.1 -359.4 85.3 -127.9 -358.4 91.25
1330 -399.1 -359.4 91.25 -127.9 -358.4 97.2
1331 -399.1 -359.4 97.2 -127.9 -358.4 103.15
1332 -399.1 -359.4 103.15 -127.9 -358.4 109.1
1333 -399.1 -359.4 109.1 -127.9 -358.4 115.05
1334 -399.1 -359.4 115.05 -127.9 -358.4 121
1335 -399.1 -359.4 121 -127.9 -358.4 126.95
1336 -399.1 -359.4 126.95 -127.9 -358.4 132.9
1337 -399.1 -359.4 132.9 -127.9 -358.4 138.85
1338 -449.6 865.02 455.45 -0.4 866.02 466.65
1339 -399.1 -359.4 160.65 -127.9 -358.4 166.6
1340 -399.1 -359.4 166.6 -127.9 -358.4 172.55
1341 -399.1 -359.4 172.55 -127.9 -358.4 178.5
1342 -399.1 -359.4 178.5 -127.9 -358.4 184.45
1343 -399.1 -359.4 184.45 -127.9 -358.4 190.4
1344 -399.1 -359.4 190.4 -127.9 -358.4 196.35
1345 -399.1 -359.4 196.35 -127.9 -358.4 202.3
1346 -399.1 -359.4 202.3 -127.9 -358.4 208.25
1347 -449.6 865.02 466.65 -0.4 866.02 477.85
1348 -399.1 -359.4 208.25 -127.9 -358.4 214.2
1349 -399.1 -359.4 214.2 -127.9 -358.4 220.15
1350 -399.1 -359.4 220.15 -127.9 -358.4 226.1
1351 -399.1 -359.4 226.1 -127.9 -358.4 232.05
1352 -399.1 -359.4 232.05 -127.9 -358.4 238
1353 -399.1 -359.4 238 -127.9 -358.4 243.95
1354 -399.1 -359.4 243.95 -127.9 -358.4 249.9
1355 -399.1 -359.4 249.9 -127.9 -358.4 255.85
1356 -399.1 -359.4 277.65 -127.9 -358.4 283.6
1357 -399.1 -359.4 283.6 -127.9 -358.4 289.55
1358 -399.1 -359.4 289.55 -127.9 -358.4 295.5
1359 -399.1 -359.4 295.5 -127.9 -358.4 301.45
1360 -399.1 -359.4 301.45 -127.9 -358.4 307.4
1361 -399.1 -359.4 307.4 -127.9 -358.4 313.35
1362 -399.1 -359.4 313.35 -127.9 -358.4 319.3
1363 -399.1 -359.4 319.3 -127.9 -358.4 325.25
1364 -399.1 -359.4 325.25 -127.9 -358.4 331.2
1365 -399.1 -359.4 331.2 -127.9 -358.4 337.15
1366 -399.1 -359.4 337.15 -127.9 -358.4 343.1
1367 -399.1 -359.4 343.1 -127.9 -358.4 349.05
1368 -399.1 -359.4 349.05 -127.9 -358.4 355
1369 -399.1 -359.4 355 -127.9 -358.4 360.95
1370 -399.1 -359.4 360.95 -127.9 -358.4 366.9
1371 -399.1 -359.4 366.9 -127.9 -358.4 372.85
1372 -399.1 -357.6 394.65 -127.9 -356.6 400.6
1373 -399.1 -357.6 400.6 -127.9 -356.6 406.55
1374 -399.1 -357.6 406.55 -127.9 -356.6 412.5
1375 -399.1 -357.6 412.5 -127.9 -356.6 418.45
1376 -399.1 -357.6 418.45 -127.9 -356.6 424.4
1377 -399.1 -357.6 424.4 -127.9 -356.6 430.35
1378 -399.1 -357.6 430.35 -127.9 -356.6 436.3
1379 -399.1 -357.6 436.3 -127.9 -356.6 442.25
1380 -399.1 -357.6 442.25 -127.9 -356.6 448.2
1381 -399.1 -357.6 448.2 -127.9 -356.6 454.15
1382 0.4 865.02 298.65 449.6 866.02 309.85
1383 -399.1 -357.6 454.15 -127.9 -356.6 460.1
1384 -399.1 -357.6 460.1 -127.9 -356.6 466.05
1385 -399.1 -357.6 466.05 -127.9 -356.6 472
1386 -399.1 -357.6 472 -127.9 -356.6 477.95
1387 -399.1 -357.6 477.95 -127.9 -356.6 483.9
1388 -399.1 -357.6 483.9 -127.9 -356.6 489.85
1389 -399.1 -357.6 492.65 -127.9 -356.6 498.6
1390 0.4 865.02 309.85 449.6 866.02 321.05
1391 -399.1 -357.6 498.6 -127.9 -356.6 504.55
1392 -399.1 -357.6 504.55 -127.9 -356.6 510.5
1393 -399.1 -357.6 510.5 -127.9 -356.6 516.45
1394 -399.1 -357.6 516.45 -127.9 -356.6 522.4
1395 -399.1 -357.6 522.4 -127.9 -356.6 528.35
1396 -399.1 -357.6 528.35 -127.9 -356.6 534.3
1397 -399.1 -357.6 534.3 -127.9 -356.6 540.25
1398 -399.1 -357.6 540.25 -127.9 -356.6 546.2
1399 -399.1 -357.6 546.2 -127.9 -356.6 552.15
1400 -399.1 -357.6 552.15 -127.9 -356.6 558.1
1401 0.4 865.02 321.05 449.6 866.02 332.25
1402 -393.6 866.82 -241.35 -382.4 867.82 207.85
1403 -399.1 -357.6 558.1 -127.9 -356.6 564.05
1404 -399.1 -357.6 564.05 -127.9 -356.6 570
1405 -399.1 -357.6 570 -127.9 -356.6 575.95
1406 -399.1 -357.6 575.95 -127.9 -356.6 581.9
1407 -399.1 -357.6 581.9 -127.9 -356.6 587.85
1408 -399.1 -357.6 590.65 -127.9 -356.6 596.6
1409 -399.1 -357.6 596.6 -127.9 -356.6 602.55
1410 0.4 865.02 332.25 449.6 866.02 343.45
1411 -399.1 -357.6 602.55 -127.9 -356.6 608.5
1412 -399.1 -357.6 608.5 -127.9 -356.6 614.45
1413 -399.1 -357.6 614.45 -127.9 -356.6 620.4
1414 -399.1 -357.6 620.4 -127.9 -356.6 626.35
1415 -399.1 -357.6 626.35 -127.9 -356.6 632.3
1416 -399.1 -357.6 632.3 -127.9 -356.6 638.25
1417 -399.1 -357.6 638.25 -127.9 -356.6 644.2
1418 -399.1 -357.6 644.2 -127.9 -356.6 650.15
1419 -399.1 -357.6 650.15 -127.9 -356.6 656.1
1420 -399.1 -357.6 656.1 -127.9 -356.6 662.05
1421 0.4 865.02 343.45 449.6 866.02 354.65
1422 -399.1 -357.6 662.05 -127.9 -356.6 668
1423 -399.1 -357.6 668 -127.9 -356.6 673.95
1424 -399.1 -357.6 673.95 -127.9 -356.6 679.9
1425 -399.1 -357.6 679.9 -127.9 -356.6 685.85
1426 127.9 -357.6 -73.35 399.1 -356.6 -67.4
1427 127.9 -357.6 -67.4 399.1 -356.6 -61.45
1428 127.9 -357.6 -61.45 399.1 -356.6 -55.5
1429 0.4 865.02 354.65 449.6 866.02 365.85
1430 127.9 -357.6 -55.5 399.1 -356.6 -49.55
1431 127.9 -357.6 -49.55 399.1 -356.6 -43.6
1432 127.9 -357.6 -43.6 399.1 -356.6 -37.65
1433 127.9 -357.6 -37.65 399.1 -356.6 -31.7
1434 127.9 -357.6 -31.7 399.1 -356.6 -25.75
1435 127.9 -357.6 -25.75 399.1 -356.6 -19.8
1436 127.9 -357.6 -19.8 399.1 -356.6 -13.85
1437 127.9 -357.6 -13.85 399.1 -356.6 -7.9
1438 127.9 -357.6 -7.9 399.1 -356.6 -1.95
1439 127.9 -357.6 -1.95 399.1 -356.6 4
1440 0.4 865.02 365.85 449.6 866.02 377.05
1441 127.9 -357.6 4 399.1 -356.6 9.95
1442 127.9 -357.6 9.95 399.1 -356.6 15.9
1443 127.9 -357.6 15.9 399.1 -356.6 21.85
1444 127.9 -357.6 -171.35 399.1 -356.6 -165.4
1445 127.9 -357.6 -165.4 399.1 -356.6 -159.45
1446 127.9 -357.6 -159.45 399.1 -356.6 -153.5
1447 127.9 -357.6 -153.5 399.1 -356.6 -147.55
1448 0.4 865.02 377.05 449.6 866.02 388.25
1449 127.9 -357.6 -147.55 399.1 -356.6 -141.6
1450 127.9 -357.6 -141.6 399.1 -356.6 -135.65
1451 127.9 -357.6 -135.65 399.1 -356.6 -129.7
1452 127.9 -357.6 -129.7 399.1 -356.6 -123.75
1453 127.9 -357.6 -123.75 399.1 -356.6 -117.8
1454 127.9 -357.6 -117.8 399.1 -356.6 -111.85
1455 127.9 -357.6 -111.85 399.1 -356.6 -105.9
1456 127.9 -357.6 -105.9 399.1 -356.6 -99.95
1457 127.9 -357.6 -99.95 399.1 -356.6 -94
1458 127.9 -357.6 -94 399.1 -356.6 -88.05
1459 0.4 865.02 388.25 449.6 866.02 399.45
1460 127.9 -357.6 -88.05 399.1 -356.6 -82.1
1461 127.9 -357.6 -82.1 399.1 -356.6 -76.15
1462 127.9 -357.6 -269.35 399.1 -356.6 -263.4
1463 127.9 -357.6 -263.4 399.1 -356.6 -257.45
1464 127.9 -357.6 -257.45 399.1 -356.6 -251.5
1465 127.9 -357.6 -251.5 399.1 -356.6 -245.55
1466 127.9 -357.6 -245.55 399.1 -356.6 -239.6
1467 0.4 865.02 399.45 449.6 866.02 410.65
1468 127.9 -357.6 -239.6 399.1 -356.6 -233.65
1469 127.9 -357.6 -233.65 399.1 -356.6 -227.7
1470 127.9 -357.6 -227.7 399.1 -356.6 -221.75
1471 127.9 -357.6 -221.75 399.1 -356.6 -215.8
1472 127.9 -357.6 -215.8 399.1 -356.6 -209.85
1473 127.9 -357.6 -209.85 399.1 -356.6 -203.9
1474 127.9 -357.6 -203.9 399.1 -356.6 -197.95
1475 127.9 -357.6 -197.95 399.1 -356.6 -192
1476 127.9 -357.6 -192 399.1 -356.6 -186.05
1477 127.9 -357.6 -186.05 399.1 -356.6 -180.1
1478 0.4 865.02 410.65 449.6 866.02 421.85
1479 127.9 -357.6 -180.1 399.1 -356.6 -174.15
1480 127.9 -359.4 43.65 399.1 -358.4 49.6
1481 127.9 -359.4 49.6 399.1 -358.4 55.55
1482 127.9 -359.4 55.55 399.1 -358.4 61.5
1483 127.9 -359.4 61.5 399.1 -358.4 67.45
1484 127.9 -359.4 67.45 399.1 -358.4 73.4
1485 127.9 -359.4 73.4 399.1 -358.4 79.35
1486 0.4 865.02 421.85 449.6 866.02 433.05
1487 127.9 -359.4 79.35 399.1 -358.4 85.3
1488 127.9 -359.4 85.3 399.1 -358.4 91.25
1489 127.9 -359.4 91.25 399.1 -358.4 97.2
1490 127.9 -359.4 97.2 399.1 -358.4 103.15
1491 127.9 -359.4 103.15 399.1 -358.4 109.1
1492 127.9 -359.4 109.1 399.1 -358.4 115.05
1493 127.9 -359.4 115.05 399.1 -358.4 121
1494 127.9 -359.4 121 399.1 -358.4 126.95
1495 127.9 -359.4 126.95 399.1 -358.4 132.9
1496 127.9 -359.4 132.9 399.1 -358.4 138.85
1497 0.4 865.02 433.05 449.6 866.02 444.25
1498 -382.4 866.82 -241.35 -371.2 867.82 207.85
1499 127.9 -359.4 160.65 399.1 -358.4 166.6
1500 127.9 -359.4 166.6 399.1 -358.4 172.55
1501 127.9 -359.4 172.55 399.1 -358.4 178.5
1502 127.9 -359.4 178.5 399.1 -358.4 184.45
1503 127.9 -359.4 184.45 399.1 -358.4 190.4
1504 127.9 -359.4 190.4 399.1 -358.4 196.35
1505 127.9 -359.4 196.35 399.1 -358.4 202.3
1506 0.4 865.02 444.25 449.6 866.02 455.45
1507 127.9 -359.4 202.3 399.1 -358.4 208.25
1508 127.9 -359.4 208.25 399.1 -358.4 214.2
1509 127.9 -359.4 214.2 399.1 -358.4 220.15
1510 127.9 -359.4 220.15 399.1 -358.4 226.1
1511 127.9 -359.4 226.1 399.1 -358.4 232.05
1512 127.9 -359.4 232.05 399.1 -358.4 238
1513 127.9 -359.4 238 399.1 -358.4 243.95
1514 127.9 -359.4 243.95 399.1 -358.4 249.9
1515 127.9 -359.4 249.9 399.1 -358.4 255.85
1516 0.4 865.02 455.45 449.6 866.02 466.65
1517 127.9 -359.4 277.65 399.1 -358.4 283.6
1518 127.9 -359.4 283.6 399.1 -358.4 289.55
1519 127.9 -359.4 289.55 399.1 -358.4 295.5
1520 127.9 -359.4 295.5 399.1 -358.4 301.45
1521 127.9 -359.4 301.45 399.1 -358.4 307.4
1522 127.9 -359.4 307.4 399.1 -358.4 313.35
1523 127.9 -359.4 313.35 399.1 -358.4 319.3
1524 127.9 -359.4 319.3 399.1 -358.4 325.25
1525 0.4 865.02 466.65 449.6 866.02 477.85
1526 127.9 -359.4 325.25 399.1 -358.4 331.2
1527 127.9 -359.4 331.2 399.1 -358.4 337.15
1528 127.9 -359.4 337.15 399.1 -358.4 343.1
1529 127.9 -359.4 343.1 399.1 -358.4 349.05
1530 127.9 -359.4 349.05 399.1 -358.4 355
1531 127.9 -359.4 355 399.1 -358.4 360.95
1532 127.9 -359.4 360.95 399.1 -358.4 366.9
1533 127.9 -359.4 366.9 399.1 -358.4 372.85
1534 127.9 -357.6 394.65 399.1 -356.6 400.6
1535 127.9 -357.6 400.6 399.1 -356.6 406.55
1536 127.9 -357.6 406.55 399.1 -356.6 412.5
1537 127.9 -357.6 412.5 399.1 -356.6 418.45
1538 127.9 -357.6 418.45 399.1 -356.6 424.4
1539 127.9 -357.6 424.4 399.1 -356.6 430.35
1540 127.9 -357.6 430.35 399.1 -356.6 436.3
1541 127.9 -357.6 436.3 399.1 -356.6 442.25
1542 127.9 -357.6 442.25 399.1 -356.6 448.2
1543 127.9 -357.6 448.2 399.1 -356.6 454.15
1544 127.9 -357.6 454.15 399.1 -356.6 460.1
1545 127.9 -357.6 460.1 399.1 -356.6 466.05
1546 127.9 -357.6 466.05 399.1 -356.6 472
1547 127.9 -357.6 472 399.1 -356.6 477.95
1548 127.9 -357.6 477.95 399.1 -356.6 483.9
1549 127.9 -357.6 483.9 399.1 -356.6 489.85
1550 127.9 -357.6 492.65 399.1 -356.6 498.6
1551 127.9 -357.6 498.6 399.1 -356.6 504.55
1552 127.9 -357.6 504.55 399.1 -356.6 510.5
1553 127.9 -357.6 510.5 399.1 -356.6 516.45
1554 127.9 -357.6 516.45 399.1 -356.6 522.4
1555 127.9 -357.6 522.4 399.1 -356.6 528.35
1556 127.9 -357.6 528.35 399.1 -356.6 534.3
1557 127.9 -357.6 534.3 399.1 -356.6 540.25
1558 127.9 -357.6 540.25 399.1 -356.6 546.2
1559 127.9 -357.6 546.2 399.1 -356.6 552.15
1560 -449.6 865.02 118.65 -0.4 866.02 129.85
1561 127.9 -357.6 552.15 399.1 -356.6 558.1
1562 127.9 -357.6 558.1 399.1 -356.6 564.05
1563 127.9 -357.6 564.05 399.1 -356.6 570
1564 127.9 -357.6 570 399.1 -356.6 575.95
1565 127.9 -357.6 575.95 399.1 -356.6 581.9
1566 127.9 -357.6 581.9 399.1 -356.6 587.85
1567 127.9 -357.6 590.65 399.1 -356.6 596.6
1568 -449.6 865.02 129.85 -0.4 866.02 141.05
1569 127.9 -357.6 596.6 399.1 -356.6 602.55
1570 127.9 -357.6 602.55 399.1 -356.6 608.5
1571 127.9 -357.6 608.5 399.1 -356.6 614.45
1572 127.9 -357.6 614.45 399.1 -356.6 620.4
1573 127.9 -357.6 620.4 399.1 -356.6 626.35
1574 127.9 -357.6 626.35 399.1 -356.6 632.3
1575 127.9 -357.6 632.3 399.1 -356.6 638.25
1576 127.9 -357.6 638.25 399.1 -356.6 644.2
1577 127.9 -357.6 644.2 399.1 -356.6 650.15
1578 127.9 -357.6 650.15 399.1 -356.6 656.1
1579 -449.6 865.02 141.05 -0.4 866.02 152.25
1580 127.9 -357.6 656.1 399.1 -356.6 662.05
1581 127.9 -357.6 662.05 399.1 -356.6 668
1582 127.9 -357.6 668 399.1 -356.6 673.95
1583 127.9 -357.6 673.95 399.1 -356.6 679.9
1584 127.9 -357.6 679.9 399.1 -356.6 685.85
1585 -449.6 865.02 152.25 -0.4 866.02 163.45
1586 -371.2 866.82 -241.35 -360 867.82 207.85
1587 -449.6 865.02 163.45 -0.4 866.02 174.65
1588 -449.6 865.02 174.65 -0.4 866.02 185.85
1589 -449.6 865.02 185.85 -0.4 866.02 197.05
1590 -449.6 865.02 197.05 -0.4 866.02 208.25
1591 -449.6 865.02 208.25 -0.4 866.02 219.45
1592 -449.6 865.02 219.45 -0.4 866.02 230.65
1593 -449.6 865.02 230.65 -0.4 866.02 241.85
1594 -449.6 865.02 241.85 -0.4 866.02 253.05
1595 -449.6 865.02 253.05 -0.4 866.02 264.25
1596 -449.6 865.02 264.25 -0.4 866.02 275.45
1597 -360 866.82 -241.35 -348.8 867.82 207.85
1598 -449.6 865.02 275.45 -0.4 866.02 286.65
1599 -449.6 865.02 286.65 -0.4 866.02 297.85
1600 0.4 865.02 118.65 449.6 866.02 129.85
1601 0.4 865.02 129.85 449.6 866.02 141.05
1602 0.4 865.02 141.05 449.6 866.02 152.25
1603 0.4 865.02 152.25 449.6 866.02 163.45
1604 0.4 865.02 163.45 449.6 866.02 174.65
1605 -348.8 866.82 -241.35 -337.6 867.82 207.85
1606 0.4 865.02 174.65 449.6 866.02 185.85
1607 0.4 865.02 185.85 449.6 866.02 197.05
1608 0.4 865.02 197.05 449.6 866.02 208.25
1609 0.4 865.02 208.25 449.6 866.02 219.45
1610 0.4 865.02 219.45 449.6 866.02 230.65
1611 0.4 865.02 230.65 449.6 866.02 241.85
1612 0.4 865.02 241.85 449.6 866.02 253.05
1613 0.4 865.02 253.05 449.6 866.02 264.25
1614 0.4 865.02 264.25 449.6 866.02 275.45
1615 0.4 865.02 275.45 449.6 866.02 286.65
1616 -337.6 866.82 -241.35 -326.4 867.82 207.85
1617 -427.2 866.82 208.65 -416 867.82 657.85
1618 0.4 865.02 286.65 449.6 866.02 297.85
1619 -449.6 865.02 -61.35 -0.4 866.02 -50.15
1620 -449.6 865.02 -50.15 -0.4 866.02 -38.95
1621 -449.6 865.02 -38.95 -0.4 866.02 -27.75
1622 -449.6 865.02 -27.75 -0.4 866.02 -16.55
1623 -449.6 865.02 -16.55 -0.4 866.02 -5.35
1624 -449.6 865.02 -5.35 -0.4 866.02 5.85
1625 -326.4 866.82 -241.35 -315.2 867.82 207.85
1626 -449.6 865.02 5.85 -0.4 866.02 17.05
1627 -449.6 865.02 17.05 -0.4 866.02 28.25
1628 -449.6 865.02 28.25 -0.4 866.02 39.45
1629 -449.6 865.02 39.45 -0.4 866.02 50.65
1630 -449.6 865.02 50.65 -0.4 866.02 61.85
1631 -449.6 865.02 61.85 -0.4 866.02 73.05
1632 -449.6 865.02 73.05 -0.4 866.02 84.25
1633 -449.6 865.02 84.25 -0.4 866.02 95.45
1634 -449.6 865.02 95.45 -0.4 866.02 106.65
1635 -449.6 865.02 106.65 -0.4 866.02 117.85
1636 -315.2 866.82 -241.35 -304 867.82 207.85
1637 0.4 865.02 -61.35 449.6 866.02 -50.15
1638 0.4 865.02 -50.15 449.6 866.02 -38.95
1639 0.4 865.02 -38.95 449.6 866.02 -27.75
1640 0.4 865.02 -27.75 449.6 866.02 -16.55
1641 0.4 865.02 -16.55 449.6 866.02 -5.35
1642 0.4 865.02 -5.35 449.6 866.02 5.85
1643 0.4 865.02 5.85 449.6 866.02 17.05
1644 -304 866.82 -241.35 -292.8 867.82 207.85
1645 0.4 865.02 17.05 449.6 866.02 28.25
1646 0.4 865.02 28.25 449.6 866.02 39.45
1647 0.4 865.02 39.45 449.6 866.02 50.65
1648 0.4 865.02 50.65 449.6 866.02 61.85
1649 0.4 865.02 61.85 449.6 866.02 73.05
1650 0.4 865.02 73.05 449.6 866.02 84.25
1651 0.4 865.02 84.25 449.6 866.02 95.45
1652 0.4 865.02 95.45 449.6 866.02 106.65
1653 0.4 865.02 106.65 449.6 866.02 117.85
1654 -292.8 866.82 -241.35 -281.6 867.82 207.85
1655 -449.6 865.02 -241.35 -0.4 866.02 -230.15
1656 -449.6 865.02 -230.15 -0.4 866.02 -218.95
1657 -449.6 865.02 -218.95 -0.4 866.02 -207.75
1658 -449.6 865.02 -207.75 -0.4 866.02 -196.55
1659 -449.6 865.02 -196.55 -0.4 866.02 -185.35
1660 -449.6 865.02 -185.35 -0.4 866.02 -174.15
1661 -449.6 865.02 -174.15 -0.4 866.02 -162.95
1662 -449.6 865.02 -162.95 -0.4 866.02 -151.75
1663 -281.6 866.82 -241.35 -270.4 867.82 207.85
1664 -449.6 865.02 -151.75 -0.4 866.02 -140.55
1665 -449.6 865.02 -140.55 -0.4 866.02 -129.35
1666 -449.6 865.02 -129.35 -0.4 866.02 -118.15
1667 -449.6 865.02 -118.15 -0.4 866.02 -106.95
1668 -449.6 865.02 -106.95 -0.4 866.02 -95.75
1669 -449.6 865.02 -95.75 -0.4 866.02 -84.55
1670 -449.6 865.02 -84.55 -0.4 866.02 -73.35
1671 -449.6 865.02 -73.35 -0.4 866.02 -62.15
1672 0.4 865.02 -241.35 449.6 866.02 -230.15
1673 0.4 865.02 -230.15 449.6 866.02 -218.95
1674 0.4 865.02 -218.95 449.6 866.02 -207.75
1675 0.4 865.02 -207.75 449.6 866.02 -196.55
1676 0.4 865.02 -196.55 449.6 866.02 -185.35
1677 0.4 865.02 -185.35 449.6 866.02 -174.15
1678 0.4 865.02 -174.15 449.6 866.02 -162.95
1679 0.4 865.02 -162.95 449.6 866.02 -151.75
1680 0.4 865.02 -151.75 449.6 866.02 -140.55
1681 0.4 865.02 -140.55 449.6 866.02 -129.35
1682 0.4 865.02 -129.35 449.6 866.02 -118.15
1683 0.4 865.02 -118.15 449.6 866.02 -106.95
1684 0.4 865.02 -106.95 449.6 866.02 -95.75
1685 0.4 865.02 -95.75 449.6 866.02 -84.55
1686 0.4 865.02 -84.55 449.6 866.02 -73.35
1687 0.4 865.02 -73.35 449.6 866.02 -62.15
1688 -449.6 662.82 208.65 -438.4 663.82 657.85
1689 -438.4 662.82 208.65 -427.2 663.82 657.85
1690 -427.2 662.82 208.65 -416 663.82 657.85
1691 -416 662.82 208.65 -404.8 663.82 657.85
1692 -404.8 662.82 208.65 -393.6 663.82 657.85
1693 -393.6 662.82 208.65 -382.4 663.82 657.85
1694 -382.4 662.82 208.65 -371.2 663.82 657.85
1695 -371.2 662.82 208.65 -360 663.82 657.85
1696 -360 662.82 208.65 -348.8 663.82 657.85
1697 -348.8 662.82 208.65 -337.6 663.82 657.85
1698 -269.6 866.82 208.65 -258.4 867.82 657.85
1699 -337.6 662.82 208.65 -326.4 663.82 657.85
1700 -326.4 662.82 208.65 -315.2 663.82 657.85
1701 -315.2 662.82 208.65 -304 663.82 657.85
1702 -304 662.82 208.65 -292.8 663.82 657.85
1703 -292.8 662.82 208.65 -281.6 663.82 657.85
1704 -281.6 662.82 208.65 -270.4 663.82 657.85
1705 -449.6 662.82 -241.35 -438.4 663.82 207.85
1706 -258.4 866.82 208.65 -247.2 867.82 657.85
1707 -416 866.82 208.65 -404.8 867.82 657.85
1708 -438.4 662.82 -241.35 -427.2 663.82 207.85
1709 -427.2 662.82 -241.35 -416 663.82 207.85
1710 -416 662.82 -241.35 -404.8 663.82 207.85
1711 -404.8 662.82 -241.35 -393.6 663.82 207.85
1712 -393.6 662.82 -241.35 -382.4 663.82 207.85
1713 -382.4 662.82 -241.35 -371.2 663.82 207.85
1714 -371.2 662.82 -241.35 -360 663.82 207.85
1715 -360 662.82 -241.35 -348.8 663.82 207.85
1716 -348.8 662.82 -241.35 -337.6 663.82 207.85
1717 -337.6 662.82 -241.35 -326.4 663.82 207.85
1718 -247.2 866.82 208.65 -236 867.82 657.85
1719 -326.4 662.82 -241.35 -315.2 663.82 207.85
1720 -315.2 662.82 -241.35 -304 663.82 207.85
1721 -304 662.82 -241.35 -292.8 663.82 207.85
1722 -292.8 662.82 -241.35 -281.6 663.82 207.85
1723 -281.6 662.82 -241.35 -270.4 663.82 207.85
1724 -269.6 662.82 208.65 -258.4 663.82 657.85
1725 -258.4 662.82 208.65 -247.2 663.82 657.85
1726 -236 866.82 208.65 -224.8 867.82 657.85
1727 -247.2 662.82 208.65 -236 663.82 657.85
1728 -236 662.82 208.65 -224.8 663.82 657.85
1729 -224.8 662.82 208.65 -213.6 663.82 657.85
1730 -213.6 662.82 208.65 -202.4 663.82 657.85
1731 -202.4 662.82 208.65 -191.2 663.82 657.85
1732 -191.2 662.82 208.65 -180 663.82 657.85
1733 -180 662.82 208.65 -168.8 663.82 657.85
1734 -168.8 662.82 208.65 -157.6 663.82 657.85
1735 -157.6 662.82 208.65 -146.4 663.82 657.85
1736 -146.4 662.82 208.65 -135.2 663.82 657.85
1737 -224.8 866.82 208.65 -213.6 867.82 657.85
1738 -135.2 662.82 208.65 -124 663.82 657.85
1739 -124 662.82 208.65 -112.8 663.82 657.85
1740 -112.8 662.82 208.65 -101.6 663.82 657.85
1741 -101.6 662.82 208.65 -90.4 663.82 657.85
1742 -269.6 662.82 -241.35 -258.4 663.82 207.85
1743 -258.4 662.82 -241.35 -247.2 663.82 207.85
1744 -247.2 662.82 -241.35 -236 663.82 207.85
1745 -213.6 866.82 208.65 -202.4 867.82 657.85
1746 -236 662.82 -241.35 -224.8 663.82 207.85
1747 -224.8 662.82 -241.35 -213.6 663.82 207.85
1748 -213.6 662.82 -241.35 -202.4 663.82 207.85
1749 -202.4 662.82 -241.35 -191.2 663.82 207.85
1750 -191.2 662.82 -241.35 -180 663.82 207.85
1751 -180 662.82 -241.35 -168.8 663.82 207.85
1752 -168.8 662.82 -241.35 -157.6 663.82 207.85
1753 -157.6 662.82 -241.35 -146.4 663.82 207.85
1754 -146.4 662.82 -241.35 -135.2 663.82 207.85
1755 -135.2 662.82 -241.35 -124 663.82 207.85
1756 -202.4 866.82 208.65 -191.2 867.82 657.85
1757 -124 662.82 -241.35 -112.8 663.82 207.85
1758 -112.8 662.82 -241.35 -101.6 663.82 207.85
1759 -101.6 662.82 -241.35 -90.4 663.82 207.85
1760 -89.6 662.82 208.65 -78.4 663.82 657.85
1761 -78.4 662.82 208.65 -67.2 663.82 657.85
1762 -67.2 662.82 208.65 -56 663.82 657.85
1763 -56 662.82 208.65 -44.8 663.82 657.85
1764 -191.2 866.82 208.65 -180 867.82 657.85
1765 -44.8 662.82 208.65 -33.6 663.82 657.85
1766 -33.6 662.82 208.65 -22.4 663.82 657.85
1767 -22.4 662.82 208.65 -11.2 663.82 657.85
1768 -11.2 662.82 208.65 0 663.82 657.85
1769 0 662.82 208.65 11.2 663.82 657.85
1770 11.2 662.82 208.65 22.4 663.82 657.85
1771 22.4 662.82 208.65 33.6 663.82 657.85
1772 33.6 662.82 208.65 44.8 663.82 657.85
1773 44.8 662.82 208.65 56 663.82 657.85
1774 56 662.82 208.65 67.2 663.82 657.85
1775 -180 866.82 208.65 -168.8 867.82 657.85
1776 67.2 662.82 208.65 78.4 663.82 657.85
1777 78.4 662.82 208.65 89.6 663.82 657.85
1778 -89.6 662.82 -241.35 -78.4 663.82 207.85
1779 -78.4 662.82 -241.35 -67.2 663.82 207.85
1780 -67.2 662.82 -241.35 -56 663.82 207.85
1781 -56 662.82 -241.35 -44.8 663.82 207.85
1782 -44.8 662.82 -241.35 -33.6 663.82 207.85
1783 -168.8 866.82 208.65 -157.6 867.82 657.85
1784 -33.6 662.82 -241.35 -22.4 663.82 207.85
1785 -22.4 662.82 -241.35 -11.2 663.82 207.85
1786 -11.2 662.82 -241.35 0 663.82 207.85
1787 0 662.82 -241.35 11.2 663.82 207.85
1788 11.2 662.82 -241.35 22.4 663.82 207.85
1789 22.4 662.82 -241.35 33.6 663.82 207.85
1790 33.6 662.82 -241.35 44.8 663.82 207.85
1791 44.8 662.82 -241.35 56 663.82 207.85
1792 56 662.82 -241.35 67.2 663.82 207.85
1793 67.2 662.82 -241.35 78.4 663.82 207.85
1794 -157.6 866.82 208.65 -146.4 867.82 657.85
1795 78.4 662.82 -241.35 89.6 663.82 207.85
1796 90.4 662.82 208.65 101.6 663.82 657.85
1797 101.6 662.82 208.65 112.8 663.82 657.85
1798 112.8 662.82 208.65 124 663.82 657.85
1799 124 662.82 208.65 135.2 663.82 657.85
1800 135.2 662.82 208.65 146.4 663.82 657.85
1801 146.4 662.82 208.65 157.6 663.82 657.85
1802 -146.4 866.82 208.65 -135.2 867.82 657.85
1803 -404.8 866.82 208.65 -393.6 867.82 657.85
1804 157.6 662.82 208.65 168.8 663.82 657.85
1805 168.8 662.82 208.65 180 663.82 657.85
1806 180 662.82 208.65 191.2 663.82 657.85
1807 191.2 662.82 208.65 202.4 663.82 657.85
1808 202.4 662.82 208.65 213.6 663.82 657.85
1809 213.6 662.82 208.65 224.8 663.82 657.85
1810 224.8 662.82 208.65 236 663.82 657.85
1811 236 662.82 208.65 247.2 663.82 657.85
1812 247.2 662.82 208.65 258.4 663.82 657.85
1813 258.4 662.82 208.65 269.6 663.82 657.85
1814 -135.2 866.82 208.65 -124 867.82 657.85
1815 90.4 662.82 -241.35 101.6 663.82 207.85
1816 101.6 662.82 -241.35 112.8 663.82 207.85
1817 112.8 662.82 -241.35 124 663.82 207.85
1818 124 662.82 -241.35 135.2 663.82 207.85
1819 135.2 662.82 -241.35 146.4 663.82 207.85
1820 146.4 662.82 -241.35 157.6 663.82 207.85
1821 157.6 662.82 -241.35 168.8 663.82 207.85
1822 -124 866.82 208.65 -112.8 867.82 657.85
1823 168.8 662.82 -241.35 180 663.82 207.85
1824 180 662.82 -241.35 191.2 663.82 207.85
1825 191.2 662.82 -241.35 202.4 663.82 207.85
1826 202.4 662.82 -241.35 213.6 663.82 207.85
1827 213.6 662.82 -241.35 224.8 663.82 207.85
1828 224.8 662.82 -241.35 236 663.82 207.85
1829 236 662.82 -241.35 247.2 663.82 207.85
1830 247.2 662.82 -241.35 258.4 663.82 207.85
1831 258.4 662.82 -241.35 269.6 663.82 207.85
1832 -112.8 866.82 208.65 -101.6 867.82 657.85
1833 270.4 662.82 208.65 281.6 663.82 657.85
1834 281.6 662.82 208.65 292.8 663.82 657.85
1835 292.8 662.82 208.65 304 663.82 657.85
1836 304 662.82 208.65 315.2 663.82 657.85
1837 315.2 662.82 208.65 326.4 663.82 657.85
1838 326.4 662.82 208.65 337.6 663.82 657.85
1839 337.6 662.82 208.65 348.8 663.82 657.85
1840 348.8 662.82 208.65 360 663.82 657.85
1841 -101.6 866.82 208.65 -90.4 867.82 657.85
1842 360 662.82 208.65 371.2 663.82 657.85
1843 371.2 662.82 208.65 382.4 663.82 657.85
1844 382.4 662.82 208.65 393.6 663.82 657.85
1845 393.6 662.82 208.65 404.8 663.82 657.85
1846 404.8 662.82 208.65 416 663.82 657.85
1847 416 662.82 208.65 427.2 663.82 657.85
1848 427.2 662.82 208.65 438.4 663.82 657.85
1849 438.4 662.82 208.65 449.6 663.82 657.85
1850 270.4 662.82 -241.35 281.6 663.82 207.85
1851 281.6 662.82 -241.35 292.8 663.82 207.85
1852 292.8 662.82 -241.35 304 663.82 207.85
1853 304 662.82 -241.35 315.2 663.82 207.85
1854 315.2 662.82 -241.35 326.4 663.82 207.85
1855 326.4 662.82 -241.35 337.6 663.82 207.85
1856 337.6 662.82 -241.35 348.8 663.82 207.85
1857 348.8 662.82 -241.35 360 663.82 207.85
1858 360 662.82 -241.35 371.2 663.82 207.85
1859 371.2 662.82 -241.35 382.4 663.82 207.85
1860 382.4 662.82 -241.35 393.6 663.82 207.85
1861 393.6 662.82 -241.35 404.8 663.82 207.85
1862 404.8 662.82 -241.35 416 663.82 207.85
1863 416 662.82 -241.35 427.2 663.82 207.85
1864 427.2 662.82 -241.35 438.4 663.82 207.85
1865 438.4 662.82 -241.35 449.6 663.82 207.85
1866 -449.6 661.02 478.65 -0.4 662.02 489.85
1867 -449.6 661.02 489.85 -0.4 662.02 501.05
1868 -449.6 661.02 501.05 -0.4 662.02 512.25
1869 -449.6 661.02 512.25 -0.4 662.02 523.45
1870 -449.6 661.02 523.45 -0.4 662.02 534.65
1871 -449.6 661.02 534.65 -0.4 662.02 545.85
1872 -449.6 661.02 545.85 -0.4 662.02 557.05
1873 -449.6 661.02 557.05 -0.4 662.02 568.25
1874 -449.6 661.02 568.25 -0.4 662.02 579.45
1875 -449.6 661.02 579.45 -0.4 662.02 590.65
1876 -269.6 866.82 -241.35 -258.4 867.82 207.85
1877 -449.6 661.02 590.65 -0.4 662.02 601.85
1878 -449.6 661.02 601.85 -0.4 662.02 613.05
1879 -449.6 661.02 613.05 -0.4 662.02 624.25
1880 -449.6 661.02 624.25 -0.4 662.02 635.45
1881 -449.6 661.02 635.45 -0.4 662.02 646.65
1882 -449.6 661.02 646.65 -0.4 662.02 657.85
1883 0.4 661.02 478.65 449.6 662.02 489.85
1884 -258.4 866.82 -241.35 -247.2 867.82 207.85
1885 0.4 661.02 489.85 449.6 662.02 501.05
1886 0.4 661.02 501.05 449.6 662.02 512.25
1887 0.4 661.02 512.25 449.6 662.02 523.45
1888 0.4 661.02 523.45 449.6 662.02 534.65
1889 0.4 661.02 534.65 449.6 662.02 545.85
1890 0.4 661.02 545.85 449.6 662.02 557.05
1891 0.4 661.02 557.05 449.6 662.02 568.25
1892 0.4 661.02 568.25 449.6 662.02 579.45
1893 0.4 661.02 579.45 449.6 662.02 590.65
1894 0.4 661.02 590.65 449.6 662.02 601.85
1895 -247.2 866.82 -241.35 -236 867.82 207.85
1896 -393.6 866.82 208.65 -382.4 867.82 657.85
1897 0.4 661.02 601.85 449.6 662.02 613.05
1898 0.4 661.02 613.05 449.6 662.02 624.25
1899 0.4 661.02 624.25 449.6 662.02 635.45
1900 0.4 661.02 635.45 449.6 662.02 646.65
1901 0.4 661.02 646.65 449.6 662.02 657.85
1902 -449.6 661.02 298.65 -0.4 662.02 309.85
1903 -449.6 661.02 309.85 -0.4 662.02 321.05
1904 -236 866.82 -241.35 -224.8 867.82 207.85
1905 -449.6 661.02 321.05 -0.4 662.02 332.25
1906 -449.6 661.02 332.25 -0.4 662.02 343.45
1907 -449.6 661.02 343.45 -0.4 662.02 354.65
1908 -449.6 661.02 354.65 -0.4 662.02 365.85
1909 -449.6 661.02 365.85 -0.4 662.02 377.05
1910 -449.6 661.02 377.05 -0.4 662.02 388.25
1911 -449.6 661.02 388.25 -0.4 662.02 399.45
1912 -449.6 661.02 399.45 -0.4 662.02 410.65
1913 -449.6 661.02 410.65 -0.4 662.02 421.85
1914 -449.6 661.02 421.85 -0.4 662.02 433.05
1915 -224.8 866.82 -241.35 -213.6 867.82 207.85
1916 -449.6 661.02 433.05 -0.4 662.02 444.25
1917 -449.6 661.02 444.25 -0.4 662.02 455.45
1918 -449.6 661.02 455.45 -0.4 662.02 466.65
1919 -449.6 661.02 466.65 -0.4 662.02 477.85
1920 0.4 661.02 298.65 449.6 662.02 309.85
1921 0.4 661.02 309.85 449.6 662.02 321.05
1922 0.4 661.02 321.05 449.6 662.02 332.25
1923 -213.6 866.82 -241.35 -202.4 867.82 207.85
1924 0.4 661.02 332.25 449.6 662.02 343.45
1925 0.4 661.02 343.45 449.6 662.02 354.65
1926 0.4 661.02 354.65 449.6 662.02 365.85
1927 0.4 661.02 365.85 449.6 662.02 377.05
1928 0.4 661.02 377.05 449.6 662.02 388.25
1929 0.4 661.02 388.25 449.6 662.02 399.45
1930 0.4 661.02 399.45 449.6 662.02 410.65
1931 0.4 661.02 410.65 449.6 662.02 421.85
1932 0.4 661.02 421.85 449.6 662.02 433.05
1933 0.4 661.02 433.05 449.6 662.02 444.25
1934 -202.4 866.82 -241.35 -191.2 867.82 207.85
1935 0.4 661.02 444.25 449.6 662.02 455.45
1936 0.4 661.02 455.45 449.6 662.02 466.65
1937 0.4 661.02 466.65 449.6 662.02 477.85
1938 -449.6 661.02 118.65 -0.4 662.02 129.85
1939 -449.6 661.02 129.85 -0.4 662.02 141.05
1940 -449.6 661.02 141.05 -0.4 662.02 152.25
1941 -449.6 661.02 152.25 -0.4 662.02 163.45
1942 -191.2 866.82 -241.35 -180 867.82 207.85
1943 -449.6 661.02 163.45 -0.4 662.02 174.65
1944 -449.6 661.02 174.65 -0.4 662.02 185.85
1945 -449.6 661.02 185.85 -0.4 662.02 197.05
1946 -449.6 661.02 197.05 -0.4 662.02 208.25
1947 -449.6 661.02 208.25 -0.4 662.02 219.45
1948 -449.6 661.02 219.45 -0.4 662.02 230.65
1949 -449.6 661.02 230.65 -0.4 662.02 241.85
1950 -449.6 661.02 241.85 -0.4 662.02 253.05
1951 -449.6 661.02 253.05 -0.4 662.02 264.25
1952 -449.6 661.02 264.25 -0.4 662.02 275.45
1953 -180 866.82 -241.35 -168.8 867.82 207.85
1954 -449.6 661.02 275.45 -0.4 662.02 286.65
1955 -449.6 661.02 286.65 -0.4 662.02 297.85
1956 0.4 661.02 118.65 449.6 662.02 129.85
1957 0.4 661.02 129.85 449.6 662.02 141.05
1958 0.4 661.02 141.05 449.6 662.02 152.25
1959 0.4 661.02 152.25 449.6 662.02 163.45
1960 0.4 661.02 163.45 449.6 662.02 174.65
1961 -168.8 866.82 -241.35 -157.6 867.82 207.85
1962 0.4 661.02 174.65 449.6 662.02 185.85
1963 0.4 661.02 185.85 449.6 662.02 197.05
1964 0.4 661.02 197.05 449.6 662.02 208.25
1965 0.4 661.02 208.25 449.6 662.02 219.45
1966 0.4 661.02 219.45 449.6 662.02 230.65
1967 0.4 661.02 230.65 449.6 662.02 241.85
1968 0.4 661.02 241.85 449.6 662.02 253.05
1969 0.4 661.02 253.05 449.6 662.02 264.25
1970 0.4 661.02 264.25 449.6 662.02 275.45
1971 0.4 661.02 275.45 449.6 662.02 286.65
1972 -157.6 866.82 -241.35 -146.4 867.82 207.85
1973 0.4 661.02 286.65 449.6 662.02 297.85
1974 -449.6 661.02 -61.35 -0.4 662.02 -50.15
1975 -449.6 661.02 -50.15 -0.4 662.02 -38.95
1976 -449.6 661.02 -38.95 -0.4 662.02 -27.75
1977 -449.6 661.02 -27.75 -0.4 662.02 -16.55
1978 -449.6 661.02 -16.55 -0.4 662.02 -5.35
1979 -449.6 661.02 -5.35 -0.4 662.02 5.85
1980 -146.4 866.82 -241.35 -135.2 867.82 207.85
1981 -449.6 661.02 5.85 -0.4 662.02 17.05
1982 -449.6 661.02 17.05 -0.4 662.02 28.25
1983 -449.6 661.02 28.25 -0.4 662.02 39.45
1984 -449.6 661.02 39.45 -0.4 662.02 50.65
1985 -449.6 661.02 50.65 -0.4 662.02 61.85
1986 -449.6 661.02 61.85 -0.4 662.02 73.05
1987 -449.6 661.02 73.05 -0.4 662.02 84.25
1988 -449.6 661.02 84.25 -0.4 662.02 95.45
1989 -449.6 661.02 95.45 -0.4 662.02 106.65
1990 -449.6 661.02 106.65 -0.4 662.02 117.85
1991 -135.2 866.82 -241.35 -124 867.82 207.85
1992 -382.4 866.82 208.65 -371.2 867.82 657.85
1993 0.4 661.02 -61.35 449.6 662.02 -50.15
1994 0.4 661.02 -50.15 449.6 662.02 -38.95
1995 0.4 661.02 -38.95 449.6 662.02 -27.75
1996 0.4 661.02 -27.75 449.6 662.02 -16.55
1997 0.4 661.02 -16.55 449.6 662.02 -5.35
1998 0.4 661.02 -5.35 449.6 662.02 5.85
1999 0.4 661.02 5.85 449.6 662.02 17.05
2000 -124 866.82 -241.35 -112.8 867.82 207.85
2001 0.4 661.02 17.05 449.6 662.02 28.25
2002 0.4 661.02 28.25 449.6 662.02 39.45
2003 0.4 661.02 39.45 449.6 662.02 50.65
2004 0.4 661.02 50.65 449.6 662.02 61.85
2005 0.4 661.02 61.85 449.6 662.02 73.05
2006 0.4 661.02 73.05 449.6 662.02 84.25
2007 0.4 661.02 84.25 449.6 662.02 95.45
2008 0.4 661.02 95.45 449.6 662.02 106.65
2009 0.4 661.02 106.65 449.6 662.02 117.85
2010 -112.8 866.82 -241.35 -101.6 867.82 207.85
2011 -449.6 661.02 -241.35 -0.4 662.02 -230.15
2012 -449.6 661.02 -230.15 -0.4 662.02 -218.95
2013 -449.6 661.02 -218.95 -0.4 662.02 -207.75
2014 -449.6 661.02 -207.75 -0.4 662.02 -196.55
2015 -449.6 661.02 -196.55 -0.4 662.02 -185.35
2016 -449.6 661.02 -185.35 -0.4 662.02 -174.15
2017 -449.6 661.02 -174.15 -0.4 662.02 -162.95
2018 -449.6 661.02 -162.95 -0.4 662.02 -151.75
2019 -101.6 866.82 -241.35 -90.4 867.82 207.85
2020 -449.6 661.02 -151.75 -0.4 662.02 -140.55
2021 -449.6 661.02 -140.55 -0.4 662.02 -129.35
2022 -449.6 661.02 -129.35 -0.4 662.02 -118.15
2023 -449.6 661.02 -118.15 -0.4 662.02 -106.95
2024 -449.6 661.02 -106.95 -0.4 662.02 -95.75
2025 -449.6 661.02 -95.75 -0.4 662.02 -84.55
2026 -449.6 661.02 -84.55 -0.4 662.02 -73.35
2027 -449.6 661.02 -73.35 -0.4 662.02 -62.15
2028 0.4 661.02 -241.35 449.6 662.02 -230.15
2029 0.4 661.02 -230.15 449.6 662.02 -218.95
2030 0.4 661.02 -218.95 449.6 662.02 -207.75
2031 0.4 661.02 -207.75 449.6 662.02 -196.55
2032 0.4 661.02 -196.55 449.6 662.02 -185.35
2033 0.4 661.02 -185.35 449.6 662.02 -174.15
2034 0.4 661.02 -174.15 449.6 662.02 -162.95
2035 0.4 661.02 -162.95 449.6 662.02 -151.75
2036 0.4 661.02 -151.75 449.6 662.02 -140.55
2037 0.4 661.02 -140.55 449.6 662.02 -129.35
2038 0.4 661.02 -129.35 449.6 662.02 -118.15
2039 0.4 661.02 -118.15 449.6 662.02 -106.95
2040 0.4 661.02 -106.95 449.6 662.02 -95.75
2041 0.4 661.02 -95.75 449.6 662.02 -84.55
2042 0.4 661.02 -84.55 449.6 662.02 -73.35
2043 0.4 661.02 -73.35 449.6 662.02 -62.15
2044 356.8 -359.6 -241.35 357.8 -0.4 -230.15
2045 356.8 -359.6 -230.15 357.8 -0.4 -218.95
2046 356.8 -359.6 -218.95 357.8 -0.4 -207.75
2047 356.8 -359.6 -207.75 357.8 -0.4 -196.55
2048 356.8 -359.6 -196.55 357.8 -0.4 -185.35
2049 356.8 -359.6 -185.35 357.8 -0.4 -174.15
2050 356.8 -359.6 -174.15 357.8 -0.4 -162.95
2051 356.8 -359.6 -162.95 357.8 -0.4 -151.75
2052 356.8 -359.6 -151.75 357.8 -0.4 -140.55
2053 356.8 -359.6 -140.55 357.8 -0.4 -129.35
2054 -89.6 866.82 208.65 -78.4 867.82 657.85
2055 356.8 -359.6 -129.35 357.8 -0.4 -118.15
2056 356.8 -359.6 -118.15 357.8 -0.4 -106.95
2057 356.8 -359.6 -106.95 357.8 -0.4 -95.75
2058 356.8 -359.6 -95.75 357.8 -0.4 -84.55
2059 356.8 -359.6 -84.55 357.8 -0.4 -73.35
2060 356.8 -359.6 -73.35 357.8 -0.4 -62.15
2061 356.8 0.4 -241.35 357.8 359.6 -230.15
2062 -78.4 866.82 208.65 -67.2 867.82 657.85
2063 356.8 0.4 -230.15 357.8 359.6 -218.95
2064 356.8 0.4 -218.95 357.8 359.6 -207.75
2065 356.8 0.4 -207.75 357.8 359.6 -196.55
2066 356.8 0.4 -196.55 357.8 359.6 -185.35
2067 356.8 0.4 -185.35 357.8 359.6 -174.15
2068 356.8 0.4 -174.15 357.8 359.6 -162.95
2069 356.8 0.4 -162.95 357.8 359.6 -151.75
2070 356.8 0.4 -151.75 357.8 359.6 -140.55
2071 356.8 0.4 -140.55 357.8 359.6 -129.35
2072 356.8 0.4 -129.35 357.8 359.6 -118.15
2073 -67.2 866.82 208.65 -56 867.82 657.85
2074 356.8 0.4 -118.15 357.8 359.6 -106.95
2075 356.8 0.4 -106.95 357.8 359.6 -95.75
2076 356.8 0.4 -95.75 357.8 359.6 -84.55
2077 356.8 0.4 -84.55 357.8 359.6 -73.35
2078 356.8 0.4 -73.35 357.8 359.6 -62.15
2079 356.8 -359.6 -61.35 357.8 -0.4 -50.15
2080 356.8 -359.6 -50.15 357.8 -0.4 -38.95
2081 -56 866.82 208.65 -44.8 867.82 657.85
2082 -371.2 866.82 208.65 -360 867.82 657.85
2083 356.8 -359.6 -38.95 357.8 -0.4 -27.75
2084 356.8 -359.6 -27.75 357.8 -0.4 -16.55
2085 356.8 -359.6 -16.55 357.8 -0.4 -5.35
2086 356.8 -359.6 -5.35 357.8 -0.4 5.85
2087 356.8 -359.6 5.85 357.8 -0.4 17.05
2088 356.8 -359.6 17.05 357.8 -0.4 28.25
2089 356.8 -359.6 28.25 357.8 -0.4 39.45
2090 356.8 -359.6 39.45 357.8 -0.4 50.65
2091 356.8 -359.6 50.65 357.8 -0.4 61.85
2092 356.8 -359.6 61.85 357.8 -0.4 73.05
2093 -44.8 866.82 208.65 -33.6 867.82 657.85
2094 356.8 -359.6 73.05 357.8 -0.4 84.25
2095 356.8 -359.6 84.25 357.8 -0.4 95.45
2096 356.8 -359.6 95.45 357.8 -0.4 106.65
2097 356.8 -359.6 106.65 357.8 -0.4 117.85
2098 356.8 0.4 -61.35 357.8 359.6 -50.15
2099 356.8 0.4 -50.15 357.8 359.6 -38.95
2100 356.8 0.4 -38.95 357.8 359.6 -27.75
2101 -33.6 866.82 208.65 -22.4 867.82 657.85
2102 356.8 0.4 -27.75 357.8 359.6 -16.55
2103 356.8 0.4 -16.55 357.8 359.6 -5.35
2104 356.8 0.4 -5.35 357.8 359.6 5.85
2105 356.8 0.4 5.85 357.8 359.6 17.05
2106 356.8 0.4 17.05 357.8 359.6 28.25
2107 356.8 0.4 28.25 357.8 359.6 39.45
2108 356.8 0.4 39.45 357.8 359.6 50.65
2109 356.8 0.4 50.65 357.8 359.6 61.85
2110 356.8 0.4 61.85 357.8 359.6 73.05
2111 356.8 0.4 73.05 357.8 359.6 84.25
2112 -22.4 866.82 208.65 -11.2 867.82 657.85
2113 356.8 0.4 84.25 357.8 359.6 95.45
2114 356.8 0.4 95.45 357.8 359.6 106.65
2115 356.8 0.4 106.65 357.8 359.6 117.85
2116 356.8 -359.6 118.65 357.8 -0.4 129.85
2117 356.8 -359.6 129.85 357.8 -0.4 141.05
2118 356.8 -359.6 141.05 357.8 -0.4 152.25
2119 356.8 -359.6 152.25 357.8 -0.4 163.45
2120 -11.2 866.82 208.65 0 867.82 657.85
2121 356.8 -359.6 163.45 357.8 -0.4 174.65
2122 356.8 -359.6 174.65 357.8 -0.4 185.85
2123 356.8 -359.6 185.85 357.8 -0.4 197.05
2124 356.8 -359.6 197.05 357.8 -0.4 208.25
2125 356.8 -359.6 208.25 357.8 -0.4 219.45
2126 356.8 -359.6 219.45 357.8 -0.4 230.65
2127 356.8 -359.6 230.65 357.8 -0.4 241.85
2128 356.8 -359.6 241.85 357.8 -0.4 253.05
2129 356.8 -359.6 253.05 357.8 -0.4 264.25
2130 356.8 -359.6 264.25 357.8 -0.4 275.45
2131 0 866.82 208.65 11.2 867.82 657.85
2132 356.8 -359.6 275.45 357.8 -0.4 286.65
2133 356.8 -359.6 286.65 357.8 -0.4 297.85
2134 356.8 0.4 118.65 357.8 359.6 129.85
2135 356.8 0.4 129.85 357.8 359.6 141.05
2136 356.8 0.4 141.05 357.8 359.6 152.25
2137 356.8 0.4 152.25 357.8 359.6 163.45
2138 356.8 0.4 163.45 357.8 359.6 174.65
2139 11.2 866.82 208.65 22.4 867.82 657.85
2140 356.8 0.4 174.65 357.8 359.6 185.85
2141 356.8 0.4 185.85 357.8 359.6 197.05
2142 356.8 0.4 197.05 357.8 359.6 208.25
2143 356.8 0.4 208.25 357.8 359.6 219.45
2144 356.8 0.4 219.45 357.8 359.6 230.65
2145 356.8 0.4 230.65 357.8 359.6 241.85
2146 356.8 0.4 241.85 357.8 359.6 253.05
2147 356.8 0.4 253.05 357.8 359.6 264.25
2148 356.8 0.4 264.25 357.8 359.6 275.45
2149 356.8 0.4 275.45 357.8 359.6 286.65
2150 22.4 866.82 208.65 33.6 867.82 657.85
2151 356.8 0.4 286.65 357.8 359.6 297.85
2152 356.8 -359.6 298.65 357.8 -0.4 309.85
2153 356.8 -359.6 309.85 357.8 -0.4 321.05
2154 356.8 -359.6 321.05 357.8 -0.4 332.25
2155 356.8 -359.6 332.25 357.8 -0.4 343.45
2156 356.8 -359.6 343.45 357.8 -0.4 354.65
2157 356.8 -359.6 354.65 357.8 -0.4 365.85
2158 33.6 866.82 208.65 44.8 867.82 657.85
2159 356.8 -359.6 365.85 357.8 -0.4 377.05
2160 356.8 -359.6 377.05 357.8 -0.4 388.25
2161 356.8 -359.6 388.25 357.8 -0.4 399.45
2162 356.8 -359.6 399.45 357.8 -0.4 410.65
2163 356.8 -359.6 410.65 357.8 -0.4 421.85
2164 356.8 -359.6 421.85 357.8 -0.4 433.05
2165 356.8 -359.6 433.05 357.8 -0.4 444.25
2166 356.8 -359.6 444.25 357.8 -0.4 455.45
2167 356.8 -359.6 455.45 357.8 -0.4 466.65
2168 356.8 -359.6 466.65 357.8 -0.4 477.85
2169 44.8 866.82 208.65 56 867.82 657.85
2170 356.8 0.4 298.65 357.8 359.6 309.85
2171 356.8 0.4 309.85 357.8 359.6 321.05
2172 356.8 0.4 321.05 357.8 359.6 332.25
2173 356.8 0.4 332.25 357.8 359.6 343.45
2174 356.8 0.4 343.45 357.8 359.6 354.65
2175 356.8 0.4 354.65 357.8 359.6 365.85
2176 356.8 0.4 365.85 357.8 359.6 377.05
2177 56 866.82 208.65 67.2 867.82 657.85
2178 -360 866.82 208.65 -348.8 867.82 657.85
2179 356.8 0.4 377.05 357.8 359.6 388.25
2180 356.8 0.4 388.25 357.8 359.6 399.45
2181 356.8 0.4 399.45 357.8 359.6 410.65
2182 356.8 0.4 410.65 357.8 359.6 421.85
2183 356.8 0.4 421.85 357.8 359.6 433.05
2184 356.8 0.4 433.05 357.8 359.6 444.25
2185 356.8 0.4 444.25 357.8 359.6 455.45
2186 356.8 0.4 455.45 357.8 359.6 466.65
2187 356.8 0.4 466.65 357.8 359.6 477.85
2188 67.2 866.82 208.65 78.4 867.82 657.85
2189 356.8 -359.6 478.65 357.8 -0.4 489.85
2190 356.8 -359.6 489.85 357.8 -0.4 501.05
2191 356.8 -359.6 501.05 357.8 -0.4 512.25
2192 356.8 -359.6 512.25 357.8 -0.4 523.45
2193 356.8 -359.6 523.45 357.8 -0.4 534.65
2194 356.8 -359.6 534.65 357.8 -0.4 545.85
2195 356.8 -359.6 545.85 357.8 -0.4 557.05
2196 356.8 -359.6 557.05 357.8 -0.4 568.25
2197 78.4 866.82 208.65 89.6 867.82 657.85
2198 356.8 -359.6 568.25 357.8 -0.4 579.45
2199 356.8 -359.6 579.45 357.8 -0.4 590.65
2200 356.8 -359.6 590.65 357.8 -0.4 601.85
2201 356.8 -359.6 601.85 357.8 -0.4 613.05
2202 356.8 -359.6 613.05 357.8 -0.4 624.25
2203 356.8 -359.6 624.25 357.8 -0.4 635.45
2204 356.8 -359.6 635.45 357.8 -0.4 646.65
2205 356.8 -359.6 646.65 357.8 -0.4 657.85
2206 356.8 0.4 478.65 357.8 359.6 489.85
2207 356.8 0.4 489.85 357.8 359.6 501.05
2208 356.8 0.4 501.05 357.8 359.6 512.25
2209 356.8 0.4 512.25 357.8 359.6 523.45
2210 356.8 0.4 523.45 357.8 359.6 534.65
2211 356.8 0.4 534.65 357.8 359.6 545.85
2212 356.8 0.4 545.85 357.8 359.6 557.05
2213 356.8 0.4 557.05 357.8 359.6 568.25
2214 356.8 0.4 568.25 357.8 359.6 579.45
2215 356.8 0.4 579.45 357.8 359.6 590.65
2216 356.8 0.4 590.65 357.8 359.6 601.85
2217 356.8 0.4 601.85 357.8 359.6 613.05
2218 356.8 0.4 613.05 357.8 359.6 624.25
2219 356.8 0.4 624.25 357.8 359.6 635.45
2220 356.8 0.4 635.45 357.8 359.6 646.65
2221 356.8 0.4 646.65 357.8 359.6 657.85
2222 358.6 -191.6 -241.35 359.6 -180.4 207.85
2223 358.6 -202.8 -241.35 359.6 -191.6 207.85
2224 358.6 -214 -241.35 359.6 -202.8 207.85
2225 358.6 -225.2 -241.35 359.6 -214 207.85
2226 358.6 -236.4 -241.35 359.6 -225.2 207.85
2227 358.6 -247.6 -241.35 359.6 -236.4 207.85
2228 358.6 -258.8 -241.35 359.6 -247.6 207.85
2229 358.6 -270 -241.35 359.6 -258.8 207.85
2230 358.6 -281.2 -241.35 359.6 -270 207.85
2231 358.6 -292.4 -241.35 359.6 -281.2 207.85
2232 -89.6 866.82 -241.35 -78.4 867.82 207.85
2233 358.6 -303.6 -241.35 359.6 -292.4 207.85
2234 358.6 -314.8 -241.35 359.6 -303.6 207.85
2235 358.6 -326 -241.35 359.6 -314.8 207.85
2236 358.6 -337.2 -241.35 359.6 -326 207.85
2237 358.6 -348.4 -241.35 359.6 -337.2 207.85
2238 358.6 -359.6 -241.35 359.6 -348.4 207.85
2239 358.6 -191.6 208.65 359.6 -180.4 657.85
2240 -78.4 866.82 -241.35 -67.2 867.82 207.85
2241 358.6 -202.8 208.65 359.6 -191.6 657.85
2242 358.6 -214 208.65 359.6 -202.8 657.85
2243 358.6 -225.2 208.65 359.6 -214 657.85
2244 358.6 -236.4 208.65 359.6 -225.2 657.85
2245 358.6 -247.6 208.65 359.6 -236.4 657.85
2246 358.6 -258.8 208.65 359.6 -247.6 657.85
2247 358.6 -270 208.65 359.6 -258.8 657.85
2248 358.6 -281.2 208.65 359.6 -270 657.85
2249 358.6 -292.4 208.65 359.6 -281.2 657.85
2250 358.6 -303.6 208.65 359.6 -292.4 657.85
2251 -67.2 866.82 -241.35 -56 867.82 207.85
2252 358.6 -314.8 208.65 359.6 -303.6 657.85
2253 358.6 -326 208.65 359.6 -314.8 657.85
2254 358.6 -337.2 208.65 359.6 -326 657.85
2255 358.6 -348.4 208.65 359.6 -337.2 657.85
2256 358.6 -359.6 208.65 359.6 -348.4 657.85
2257 358.6 -11.6 -241.35 359.6 -0.4 207.85
2258 358.6 -22.8 -241.35 359.6 -11.6 207.85
2259 -56 866.82 -241.35 -44.8 867.82 207.85
2260 358.6 -34 -241.35 359.6 -22.8 207.85
2261 358.6 -45.2 -241.35 359.6 -34 207.85
2262 358.6 -56.4 -241.35 359.6 -45.2 207.85
2263 358.6 -67.6 -241.35 359.6 -56.4 207.85
2264 358.6 -78.8 -241.35 359.6 -67.6 207.85
2265 358.6 -90 -241.35 359.6 -78.8 207.85
2266 358.6 -101.2 -241.35 359.6 -90 207.85
2267 358.6 -112.4 -241.35 359.6 -101.2 207.85
2268 358.6 -123.6 -241.35 359.6 -112.4 207.85
2269 358.6 -134.8 -241.35 359.6 -123.6 207.85
2270 -44.8 866.82 -241.35 -33.6 867.82 207.85
2271 -348.8 866.82 208.65 -337.6 867.82 657.85
